# DATA=SAXS PRIOR=GAUSS
  8.968800e-02   5.479233e-03   1.801640e-04
  9.258120e-02   5.521957e-03   1.723023e-04
  9.547440e-02   5.781808e-03   1.625313e-04
  9.836750e-02   5.545926e-03   1.581415e-04
  1.012610e-01   5.491975e-03   1.508831e-04
  1.041540e-01   5.539357e-03   1.441787e-04
  1.070470e-01   5.567360e-03   1.405218e-04
  1.099400e-01   5.873440e-03   1.354637e-04
  1.128330e-01   5.718689e-03   1.315433e-04
  1.157270e-01   5.633942e-03   1.274936e-04
  1.186200e-01   5.710738e-03   1.240597e-04
  1.215130e-01   5.713788e-03   1.209303e-04
  1.244060e-01   5.684918e-03   1.181181e-04
  1.272990e-01   5.619353e-03   1.147776e-04
  1.301920e-01   5.611173e-03   1.124497e-04
  1.330850e-01   5.410309e-03   1.104252e-04
  1.359790e-01   5.847896e-03   1.085310e-04
  1.388720e-01   5.670732e-03   1.061207e-04
  1.417650e-01   5.721266e-03   1.041318e-04
  1.446580e-01   5.563318e-03   1.028597e-04
  1.475510e-01   5.685221e-03   1.017965e-04
  1.504440e-01   5.530994e-03   1.005779e-04
  1.533380e-01   5.677617e-03   9.919270e-05
  1.562310e-01   5.473931e-03   9.812368e-05
  1.591240e-01   5.366258e-03   9.688803e-05
  1.620170e-01   5.308265e-03   9.444776e-05
  1.649100e-01   5.374619e-03   9.334521e-05
  1.678030e-01   5.385423e-03   9.195620e-05
  1.706970e-01   5.224819e-03   9.123287e-05
  1.735900e-01   5.490067e-03   8.977589e-05
  1.764830e-01   5.294279e-03   8.881836e-05
  1.793760e-01   5.366156e-03   8.799590e-05
  1.822690e-01   5.164407e-03   8.633178e-05
  1.851620e-01   5.156838e-03   8.589161e-05
  1.880560e-01   5.346897e-03   8.415429e-05
  1.909490e-01   5.143616e-03   8.453717e-05
  1.938420e-01   5.167182e-03   8.290550e-05
  1.967350e-01   5.195499e-03   8.239726e-05
  1.996280e-01   5.194046e-03   8.099520e-05
  2.025210e-01   4.962765e-03   8.004530e-05
  2.054150e-01   5.055645e-03   8.003786e-05
  2.083080e-01   4.930163e-03   7.940048e-05
  2.112010e-01   4.970522e-03   7.748689e-05
  2.140940e-01   4.917778e-03   7.774632e-05
  2.169870e-01   5.016824e-03   7.673707e-05
  2.198800e-01   4.888451e-03   7.636605e-05
  2.227740e-01   4.825240e-03   7.784223e-05
  2.256670e-01   4.881007e-03   7.738797e-05
  2.285600e-01   4.820463e-03   7.802467e-05
  2.314530e-01   4.664250e-03   7.755224e-05
  2.343460e-01   4.851980e-03   7.823522e-05
  2.372390e-01   4.649336e-03   7.758396e-05
  2.401330e-01   4.656658e-03   7.780113e-05
  2.430260e-01   4.664624e-03   7.728187e-05
  2.459190e-01   4.669094e-03   7.664356e-05
  2.488120e-01   4.621679e-03   7.684081e-05
  2.517050e-01   4.483261e-03   7.694274e-05
  2.545980e-01   4.532999e-03   7.641123e-05
  2.574910e-01   4.560755e-03   7.630777e-05
  2.603850e-01   4.667031e-03   7.593017e-05
  2.632780e-01   4.384543e-03   7.573510e-05
  2.661710e-01   4.389500e-03   7.540230e-05
  2.690640e-01   4.485641e-03   7.540789e-05
  2.719570e-01   4.464267e-03   7.476906e-05
  2.748500e-01   4.358234e-03   7.522885e-05
  2.777440e-01   4.326219e-03   7.523020e-05
  2.806370e-01   4.318684e-03   7.367294e-05
  2.835300e-01   4.449390e-03   7.426371e-05
  2.864230e-01   4.162368e-03   7.380962e-05
  2.893160e-01   4.247028e-03   7.383516e-05
  2.922090e-01   4.174074e-03   7.144684e-05
  2.951030e-01   4.234004e-03   7.027554e-05
  2.979960e-01   4.062686e-03   6.926258e-05
  3.008890e-01   4.061462e-03   6.837977e-05
  3.037820e-01   4.135947e-03   6.816075e-05
  3.066750e-01   4.177642e-03   6.747952e-05
  3.095680e-01   4.037780e-03   6.702612e-05
  3.124620e-01   4.043765e-03   6.624700e-05
  3.153550e-01   4.039737e-03   6.539991e-05
  3.182480e-01   4.029913e-03   6.511628e-05
  3.211410e-01   3.929752e-03   6.477709e-05
  3.240340e-01   3.941537e-03   6.542500e-05
  3.269270e-01   3.891196e-03   6.557579e-05
  3.298210e-01   3.872389e-03   6.559526e-05
  3.327140e-01   3.817191e-03   6.571086e-05
  3.356070e-01   3.721866e-03   6.550756e-05
  3.385000e-01   3.727728e-03   6.598638e-05
  3.413930e-01   3.777602e-03   6.593295e-05
  3.442860e-01   3.750588e-03   6.616885e-05
  3.471800e-01   3.657590e-03   6.517661e-05
  3.500730e-01   3.623083e-03   6.531221e-05
  3.529660e-01   3.651739e-03   6.524803e-05
  3.558590e-01   3.541880e-03   6.541427e-05
  3.587520e-01   3.550058e-03   6.554325e-05
  3.616450e-01   3.463383e-03   6.501437e-05
  3.645380e-01   3.609863e-03   6.450173e-05
  3.674320e-01   3.510364e-03   6.496567e-05
  3.703250e-01   3.476497e-03   6.416160e-05
  3.732180e-01   3.324514e-03   6.480339e-05
  3.761110e-01   3.302578e-03   6.387360e-05
  3.790040e-01   3.360616e-03   6.443360e-05
  3.818970e-01   3.460697e-03   6.407870e-05
  3.847910e-01   3.351440e-03   6.345261e-05
  3.876840e-01   3.366311e-03   6.368283e-05
  3.905770e-01   3.302934e-03   6.339378e-05
  3.934700e-01   3.363502e-03   6.317714e-05
  3.963630e-01   3.297668e-03   6.145706e-05
  3.992560e-01   3.207965e-03   6.043676e-05
  4.021500e-01   3.132503e-03   6.005555e-05
  4.050430e-01   3.192800e-03   5.959745e-05
  4.079360e-01   3.161457e-03   5.888871e-05
  4.108290e-01   3.192533e-03   5.908705e-05
  4.137220e-01   3.068532e-03   5.797664e-05
  4.166150e-01   3.180496e-03   5.809732e-05
  4.195090e-01   3.038428e-03   5.712348e-05
  4.224020e-01   3.043940e-03   5.720828e-05
  4.252950e-01   2.998014e-03   5.665458e-05
  4.281880e-01   2.977586e-03   5.671295e-05
  4.310810e-01   2.883487e-03   5.644639e-05
  4.339740e-01   2.900553e-03   5.533232e-05
  4.368680e-01   2.846531e-03   5.551333e-05
  4.397610e-01   2.840159e-03   5.509972e-05
  4.426540e-01   2.909875e-03   5.525634e-05
  4.455470e-01   2.771547e-03   5.470450e-05
  4.484400e-01   2.776004e-03   5.423155e-05
  4.513330e-01   2.834337e-03   5.504382e-05
  4.542270e-01   2.714889e-03   5.568288e-05
  4.571200e-01   2.662801e-03   5.530712e-05
  4.600130e-01   2.704728e-03   5.587676e-05
  4.629060e-01   2.712537e-03   5.604470e-05
  4.657990e-01   2.671880e-03   5.588253e-05
  4.686920e-01   2.710450e-03   5.607808e-05
  4.715860e-01   2.657471e-03   5.570652e-05
  4.744790e-01   2.559778e-03   5.558894e-05
  4.773720e-01   2.638275e-03   5.573187e-05
  4.802650e-01   2.567527e-03   5.609458e-05
  4.831580e-01   2.601664e-03   5.573652e-05
  4.860510e-01   2.536620e-03   5.545659e-05
  4.889440e-01   2.502503e-03   5.549056e-05
  4.918380e-01   2.527647e-03   5.435666e-05
  4.947310e-01   2.476599e-03   5.364413e-05
  4.976240e-01   2.469909e-03   5.332476e-05
  5.005170e-01   2.418462e-03   5.274590e-05
  5.034100e-01   2.343096e-03   5.236199e-05
  5.063030e-01   2.282239e-03   5.161101e-05
  5.091970e-01   2.444469e-03   5.156998e-05
  5.120900e-01   2.349602e-03   5.105078e-05
  5.149830e-01   2.394110e-03   5.115779e-05
  5.178760e-01   2.307792e-03   5.063249e-05
  5.207690e-01   2.234592e-03   4.992078e-05
  5.236620e-01   2.275902e-03   4.969360e-05
  5.265560e-01   2.219395e-03   4.950312e-05
  5.294490e-01   2.233189e-03   4.940982e-05
  5.323420e-01   2.192617e-03   4.880231e-05
  5.352350e-01   2.134094e-03   4.862469e-05
  5.381280e-01   2.236626e-03   4.854130e-05
  5.410210e-01   2.061583e-03   4.818560e-05
  5.439150e-01   2.223430e-03   4.831335e-05
  5.468080e-01   2.159621e-03   4.809879e-05
  5.497010e-01   2.050339e-03   4.777562e-05
  5.525940e-01   2.152136e-03   4.785880e-05
  5.554870e-01   2.131910e-03   4.765179e-05
  5.583800e-01   1.997047e-03   4.752299e-05
  5.612740e-01   2.029258e-03   4.712516e-05
  5.641670e-01   1.991150e-03   4.715967e-05
  5.670600e-01   2.053670e-03   4.700296e-05
  5.699530e-01   2.033606e-03   4.677306e-05
  5.728460e-01   1.986426e-03   4.636277e-05
  5.757390e-01   1.937322e-03   4.640968e-05
  5.786330e-01   1.944238e-03   4.610263e-05
  5.815260e-01   1.931620e-03   4.612308e-05
  5.844190e-01   1.894907e-03   4.574601e-05
  5.873120e-01   1.854094e-03   4.546851e-05
  5.902050e-01   1.950161e-03   4.565036e-05
  5.930980e-01   1.864585e-03   4.543877e-05
  5.959920e-01   1.863546e-03   4.531973e-05
  5.988850e-01   1.855071e-03   4.531761e-05
  6.017780e-01   1.842798e-03   4.501967e-05
  6.046710e-01   1.840006e-03   4.511462e-05
  6.075640e-01   1.746836e-03   4.510835e-05
  6.104570e-01   1.759939e-03   4.483597e-05
  6.133500e-01   1.858462e-03   4.506129e-05
  6.162440e-01   1.775351e-03   4.482999e-05
  6.191370e-01   1.750197e-03   4.472123e-05
  6.220300e-01   1.757221e-03   4.444166e-05
  6.249230e-01   1.704752e-03   4.451621e-05
  6.278160e-01   1.711550e-03   4.455672e-05
  6.307090e-01   1.724970e-03   4.453478e-05
  6.336030e-01   1.729619e-03   4.418604e-05
  6.364960e-01   1.628229e-03   4.388734e-05
  6.393890e-01   1.665959e-03   4.374618e-05
  6.422820e-01   1.671800e-03   4.392916e-05
  6.451750e-01   1.673720e-03   4.368742e-05
  6.480680e-01   1.570894e-03   4.360699e-05
  6.509620e-01   1.712574e-03   4.340891e-05
  6.538550e-01   1.602806e-03   4.317321e-05
  6.567480e-01   1.533875e-03   4.315838e-05
  6.596410e-01   1.581837e-03   4.291631e-05
  6.625340e-01   1.529813e-03   4.312165e-05
  6.654270e-01   1.554405e-03   4.271291e-05
  6.683210e-01   1.502633e-03   4.276178e-05
  6.712140e-01   1.556457e-03   4.245259e-05
  6.741070e-01   1.505670e-03   4.242998e-05
  6.770000e-01   1.478594e-03   4.238417e-05
  6.798930e-01   1.480185e-03   4.231124e-05
  6.827860e-01   1.491296e-03   4.226774e-05
  6.856800e-01   1.469292e-03   4.196476e-05
  6.885730e-01   1.448925e-03   4.192842e-05
  6.914660e-01   1.482702e-03   4.184967e-05
  6.943590e-01   1.431275e-03   4.166474e-05
  6.972520e-01   1.425712e-03   4.162288e-05
  7.001450e-01   1.508968e-03   4.167858e-05
  7.030390e-01   1.390578e-03   4.119894e-05
  7.059320e-01   1.356955e-03   4.116523e-05
  7.088250e-01   1.444980e-03   4.098833e-05
  7.117180e-01   1.363353e-03   4.096718e-05
  7.146110e-01   1.346569e-03   4.094825e-05
  7.175040e-01   1.431093e-03   4.087233e-05
  7.203980e-01   1.302690e-03   4.050939e-05
  7.232910e-01   1.330350e-03   4.056000e-05
  7.261840e-01   1.280108e-03   4.041523e-05
  7.290770e-01   1.294531e-03   4.032044e-05
  7.319700e-01   1.358519e-03   4.045171e-05
  7.348630e-01   1.242056e-03   4.006819e-05
  7.377560e-01   1.335499e-03   4.000467e-05
  7.406500e-01   1.331915e-03   3.985111e-05
  7.435430e-01   1.320304e-03   3.993754e-05
  7.464360e-01   1.249269e-03   3.984653e-05
  7.493290e-01   1.265918e-03   3.980087e-05
  7.522220e-01   1.187171e-03   3.963632e-05
  7.551150e-01   1.247526e-03   3.931862e-05
  7.580090e-01   1.258412e-03   3.944121e-05
  7.609020e-01   1.278686e-03   3.927561e-05
  7.637950e-01   1.285770e-03   3.930949e-05
  7.666880e-01   1.246136e-03   3.928971e-05
  7.695810e-01   1.190000e-03   3.902302e-05
  7.724740e-01   1.226187e-03   3.906300e-05
  7.753680e-01   1.160855e-03   3.879504e-05
  7.782610e-01   1.186647e-03   3.873038e-05
  7.811540e-01   1.223920e-03   3.884225e-05
  7.840470e-01   1.203045e-03   3.870497e-05
  7.869400e-01   1.153675e-03   3.859154e-05
  7.898330e-01   1.145848e-03   3.833947e-05
  7.927270e-01   1.151270e-03   3.838625e-05
  7.956200e-01   1.091773e-03   3.826424e-05
  7.985130e-01   1.098666e-03   3.822755e-05
  8.014060e-01   1.185266e-03   3.832976e-05
  8.042990e-01   1.108938e-03   3.800672e-05
  8.071920e-01   1.146466e-03   3.797796e-05
  8.100860e-01   1.103351e-03   3.788789e-05
  8.129790e-01   1.070552e-03   3.780929e-05
  8.158720e-01   1.076161e-03   3.769352e-05
  8.187650e-01   1.165849e-03   3.783339e-05
  8.216580e-01   1.187996e-03   3.779617e-05
  8.245510e-01   1.064991e-03   3.740412e-05
  8.274450e-01   1.111233e-03   3.736552e-05
  8.303380e-01   1.099124e-03   3.729822e-05
  8.332310e-01   1.053976e-03   3.745381e-05
  8.361240e-01   1.037281e-03   3.777216e-05
  8.390170e-01   9.984214e-04   3.786073e-05
  8.419100e-01   9.666903e-04   3.792893e-05
  8.448040e-01   1.044760e-03   3.798381e-05
  8.476970e-01   1.029351e-03   3.818980e-05
  8.505900e-01   9.662562e-04   3.825951e-05
  8.534830e-01   9.346259e-04   3.808127e-05
  8.563760e-01   9.387227e-04   3.826178e-05
  8.592690e-01   1.007034e-03   3.814950e-05
  8.621620e-01   9.155043e-04   3.828176e-05
  8.650560e-01   9.636288e-04   3.824093e-05
  8.679490e-01   1.005677e-03   3.839406e-05
  8.708420e-01   1.005880e-03   3.841404e-05
  8.737350e-01   9.664034e-04   3.821179e-05
  8.766280e-01   9.609639e-04   3.840251e-05
  8.795210e-01   9.864788e-04   3.823642e-05
  8.824150e-01   9.752177e-04   3.844776e-05
  8.853080e-01   9.343050e-04   3.830368e-05
  8.882010e-01   8.708904e-04   3.834430e-05
  8.910940e-01   8.510341e-04   3.822487e-05
  8.939870e-01   8.991710e-04   3.816954e-05
  8.968800e-01   9.093432e-04   3.831456e-05
  8.997740e-01   9.341895e-04   3.826341e-05
  9.026670e-01   9.088590e-04   3.826283e-05
  9.055600e-01   8.389296e-04   3.771505e-05
  9.084530e-01   8.466803e-04   3.738437e-05
  9.113460e-01   9.096888e-04   3.725725e-05
  9.142390e-01   9.131094e-04   3.700417e-05
  9.171330e-01   8.601770e-04   3.681894e-05
  9.200260e-01   8.476300e-04   3.692509e-05
  9.229190e-01   8.659942e-04   3.659176e-05
  9.258120e-01   8.738379e-04   3.652805e-05
  9.287050e-01   8.225921e-04   3.643763e-05
  9.315980e-01   8.370288e-04   3.623764e-05
  9.344920e-01   8.318141e-04   3.635248e-05
  9.373850e-01   9.041838e-04   3.627688e-05
  9.402780e-01   8.794485e-04   3.659706e-05
  9.431710e-01   8.578929e-04   3.666732e-05
  9.460640e-01   8.603863e-04   3.682591e-05
  9.489570e-01   7.758776e-04   3.704478e-05
  9.518510e-01   7.995144e-04   3.723150e-05
  9.547440e-01   8.212318e-04   3.750267e-05
  9.576370e-01   8.129558e-04   3.755373e-05
  9.605300e-01   7.460047e-04   3.749597e-05
  9.634230e-01   8.621108e-04   3.793182e-05
  9.663160e-01   7.543774e-04   3.785795e-05
  9.692090e-01   8.054673e-04   3.798280e-05
  9.721030e-01   7.991714e-04   3.801963e-05
  9.749960e-01   7.652432e-04   3.796321e-05
  9.778890e-01   7.868361e-04   3.807805e-05
  9.807820e-01   8.161263e-04   3.813804e-05
  9.836750e-01   7.339236e-04   3.825231e-05
  9.865680e-01   7.692284e-04   3.814080e-05
  9.894620e-01   7.195066e-04   3.801230e-05
  9.923550e-01   8.358555e-04   3.784319e-05
  9.952480e-01   7.591687e-04   3.763954e-05
  9.981410e-01   7.582266e-04   3.774545e-05
  1.001030e+00   7.362176e-04   3.759719e-05
  1.003930e+00   7.370130e-04   3.744986e-05
  1.006820e+00   7.457322e-04   3.702422e-05
  1.009710e+00   8.114351e-04   3.666844e-05
  1.012610e+00   7.210395e-04   3.638163e-05
  1.015500e+00   6.392907e-04   3.623804e-05
  1.018390e+00   7.410135e-04   3.610632e-05
  1.021290e+00   7.560523e-04   3.595815e-05
  1.024180e+00   7.724350e-04   3.593192e-05
  1.027070e+00   7.670593e-04   3.568768e-05
  1.029970e+00   6.889713e-04   3.552163e-05
  1.032860e+00   7.257017e-04   3.548429e-05
  1.035750e+00   7.343172e-04   3.539032e-05
  1.038650e+00   7.586757e-04   3.535716e-05
  1.041540e+00   6.399744e-04   3.514982e-05
  1.044430e+00   6.738956e-04   3.502787e-05
  1.047320e+00   6.725781e-04   3.497250e-05
  1.050220e+00   6.569297e-04   3.475025e-05
  1.053110e+00   6.985681e-04   3.489574e-05
  1.056000e+00   6.829203e-04   3.468686e-05
  1.058900e+00   7.352423e-04   3.453666e-05
  1.061790e+00   6.836072e-04   3.450960e-05
  1.064680e+00   7.114983e-04   3.441393e-05
  1.067580e+00   6.968901e-04   3.427322e-05
  1.070470e+00   5.958957e-04   3.426945e-05
  1.073360e+00   5.782268e-04   3.416877e-05
  1.076260e+00   6.044572e-04   3.399229e-05
  1.079150e+00   5.888298e-04   3.404482e-05
  1.082040e+00   6.744027e-04   3.381377e-05
  1.084940e+00   6.864870e-04   3.381847e-05
  1.087830e+00   6.039495e-04   3.385216e-05
  1.090720e+00   6.128633e-04   3.355396e-05
  1.093620e+00   6.941175e-04   3.361376e-05
  1.096510e+00   6.430993e-04   3.360677e-05
  1.099400e+00   6.094371e-04   3.342052e-05
  1.102290e+00   5.943163e-04   3.343671e-05
  1.105190e+00   6.504867e-04   3.327096e-05
  1.108080e+00   6.225642e-04   3.332904e-05
  1.110970e+00   6.377113e-04   3.328757e-05
  1.113870e+00   6.060735e-04   3.317700e-05
  1.116760e+00   6.309229e-04   3.321188e-05
  1.119650e+00   6.087343e-04   3.299217e-05
  1.122550e+00   6.029885e-04   3.311978e-05
  1.125440e+00   5.589709e-04   3.292426e-05
  1.128330e+00   5.987219e-04   3.294037e-05
  1.131230e+00   5.990310e-04   3.290266e-05
  1.134120e+00   6.531901e-04   3.277656e-05
  1.137010e+00   6.509327e-04   3.280653e-05
  1.139910e+00   6.024565e-04   3.258372e-05
  1.142800e+00   5.797162e-04   3.255545e-05
  1.145690e+00   5.358527e-04   3.261383e-05
  1.148590e+00   5.684948e-04   3.246997e-05
  1.151480e+00   6.238206e-04   3.238160e-05
  1.154370e+00   5.720272e-04   3.237767e-05
  1.157270e+00   6.159671e-04   3.226049e-05
  1.160160e+00   5.407553e-04   3.236463e-05
  1.163050e+00   5.425645e-04   3.209564e-05
  1.165940e+00   5.124345e-04   3.218232e-05
  1.168840e+00   5.754062e-04   3.208897e-05
  1.171730e+00   5.491451e-04   3.201370e-05
  1.174620e+00   6.080632e-04   3.194513e-05
  1.177520e+00   5.673549e-04   3.187657e-05
  1.180410e+00   5.905188e-04   3.194595e-05
  1.183300e+00   5.555977e-04   3.184732e-05
  1.186200e+00   5.588914e-04   3.165036e-05
  1.189090e+00   5.069433e-04   3.175038e-05
  1.191980e+00   5.352381e-04   3.153555e-05
  1.194880e+00   5.376958e-04   3.165887e-05
  1.197770e+00   5.283742e-04   3.153875e-05
  1.200660e+00   5.246911e-04   3.145765e-05
  1.203560e+00   5.262490e-04   3.146109e-05
  1.206450e+00   4.891162e-04   3.127858e-05
  1.209340e+00   4.148017e-04   3.129207e-05
  1.212240e+00   5.241902e-04   3.124481e-05
  1.215130e+00   4.544778e-04   3.129903e-05
  1.218020e+00   5.582978e-04   3.129680e-05
  1.220910e+00   4.875260e-04   3.100247e-05
  1.223810e+00   5.147999e-04   3.103252e-05
  1.226700e+00   5.385222e-04   3.102617e-05
  1.229590e+00   5.464800e-04   3.103491e-05
  1.232490e+00   4.714249e-04   3.100525e-05
  1.235380e+00   4.821464e-04   3.074465e-05
  1.238270e+00   5.112325e-04   3.092149e-05
  1.241170e+00   4.795812e-04   3.076494e-05
  1.244060e+00   4.409456e-04   3.068892e-05
  1.246950e+00   4.925666e-04   3.075169e-05
  1.249850e+00   5.233754e-04   3.061910e-05
  1.252740e+00   4.733707e-04   3.071444e-05
  1.255630e+00   4.846076e-04   3.050031e-05
  1.258530e+00   4.750832e-04   3.041263e-05
  1.261420e+00   4.863582e-04   3.046911e-05
  1.264310e+00   4.496356e-04   3.034991e-05
  1.267210e+00   5.033154e-04   3.048715e-05
  1.270100e+00   4.855455e-04   3.016677e-05
  1.272990e+00   4.656384e-04   3.014639e-05
  1.275880e+00   4.982608e-04   3.026215e-05
  1.278780e+00   5.010493e-04   3.003990e-05
  1.281670e+00   4.211181e-04   3.010022e-05
  1.284560e+00   4.974468e-04   2.996131e-05
  1.287460e+00   4.603364e-04   2.994622e-05
  1.290350e+00   3.995105e-04   2.997091e-05
  1.293240e+00   4.548993e-04   2.977470e-05
  1.296140e+00   4.221865e-04   2.971986e-05
  1.299030e+00   4.308942e-04   2.978899e-05
  1.301920e+00   5.178202e-04   2.982121e-05
  1.304820e+00   4.268511e-04   2.970939e-05
  1.307710e+00   4.543859e-04   2.961238e-05
  1.310600e+00   4.076814e-04   2.961813e-05
  1.313500e+00   4.323954e-04   2.961682e-05
  1.316390e+00   4.573229e-04   2.950571e-05
  1.319280e+00   3.910549e-04   2.958380e-05
  1.322180e+00   4.151349e-04   2.949095e-05
  1.325070e+00   4.699747e-04   2.954599e-05
  1.327960e+00   4.206213e-04   2.948342e-05
  1.330850e+00   3.972317e-04   2.941133e-05
  1.333750e+00   4.150882e-04   2.941298e-05
  1.336640e+00   4.080735e-04   2.940115e-05
  1.339530e+00   4.519812e-04   2.927087e-05
  1.342430e+00   4.446052e-04   2.932143e-05
  1.345320e+00   4.138802e-04   2.915125e-05
  1.348210e+00   3.967740e-04   2.915607e-05
  1.351110e+00   3.834051e-04   2.912285e-05
  1.354000e+00   4.601737e-04   2.910331e-05
  1.356890e+00   3.923956e-04   2.904706e-05
  1.359790e+00   3.959392e-04   2.899287e-05
  1.362680e+00   3.853101e-04   2.894504e-05
  1.365570e+00   4.358503e-04   2.888918e-05
  1.368470e+00   4.311525e-04   2.889852e-05
  1.371360e+00   4.337797e-04   2.881284e-05
  1.374250e+00   4.207513e-04   2.890049e-05
  1.377150e+00   3.937251e-04   2.867665e-05
  1.380040e+00   4.617129e-04   2.874814e-05
  1.382930e+00   4.295617e-04   2.866477e-05
  1.385820e+00   4.361561e-04   2.873112e-05
  1.388720e+00   4.211535e-04   2.863574e-05
  1.391610e+00   3.909079e-04   2.863836e-05
  1.394500e+00   4.006924e-04   2.867511e-05
  1.397400e+00   3.466458e-04   2.850253e-05
  1.400290e+00   4.165689e-04   2.858517e-05
  1.403180e+00   3.796883e-04   2.852924e-05
  1.406080e+00   3.916472e-04   2.849577e-05
  1.408970e+00   3.994933e-04   2.846158e-05
  1.411860e+00   3.742331e-04   2.840386e-05
  1.414760e+00   4.300629e-04   2.839355e-05
  1.417650e+00   4.328480e-04   2.838564e-05
  1.420540e+00   4.113042e-04   2.835905e-05
  1.423440e+00   3.744431e-04   2.830229e-05
  1.426330e+00   3.635299e-04   2.820938e-05
  1.429220e+00   4.064922e-04   2.827181e-05
  1.432120e+00   3.718856e-04   2.810428e-05
  1.435010e+00   4.057686e-04   2.819657e-05
  1.437900e+00   3.771227e-04   2.811640e-05
  1.440800e+00   3.857146e-04   2.805659e-05
  1.443690e+00   3.645915e-04   2.809389e-05
  1.446580e+00   3.588814e-04   2.798034e-05
  1.449470e+00   3.260530e-04   2.828830e-05
  1.452370e+00   3.689451e-04   2.840453e-05
  1.455260e+00   3.901517e-04   2.848031e-05
  1.458150e+00   3.477108e-04   2.849305e-05
  1.461050e+00   3.229909e-04   2.848412e-05
  1.463940e+00   3.943275e-04   2.863824e-05
  1.466830e+00   4.019221e-04   2.857202e-05
  1.469730e+00   3.649063e-04   2.866010e-05
  1.472620e+00   3.679885e-04   2.870006e-05
  1.475510e+00   4.187039e-04   2.865826e-05
  1.478410e+00   3.532944e-04   2.877231e-05
  1.481300e+00   4.028943e-04   2.865201e-05
  1.484190e+00   3.544067e-04   2.878198e-05
  1.487090e+00   3.781413e-04   2.880902e-05
  1.489980e+00   2.817007e-04   2.874794e-05
  1.492870e+00   3.383493e-04   2.879117e-05
  1.495770e+00   3.551740e-04   2.872570e-05
  1.498660e+00   3.150924e-04   2.877726e-05
  1.501550e+00   3.434052e-04   2.881819e-05
  1.504440e+00   3.469123e-04   2.884381e-05
  1.507340e+00   3.694703e-04   2.884146e-05
  1.510230e+00   3.714246e-04   2.879811e-05
  1.513120e+00   3.377033e-04   2.876543e-05
  1.516020e+00   3.481331e-04   2.881124e-05
  1.518910e+00   3.758896e-04   2.853871e-05
  1.521800e+00   3.322389e-04   2.831780e-05
  1.524700e+00   3.682407e-04   2.824119e-05
  1.527590e+00   3.439042e-04   2.807683e-05
  1.530480e+00   3.510822e-04   2.796746e-05
  1.533380e+00   3.554615e-04   2.790421e-05
  1.536270e+00   3.117493e-04   2.790570e-05
  1.539160e+00   3.364121e-04   2.792266e-05
  1.542060e+00   3.399271e-04   2.770876e-05
  1.544950e+00   2.906192e-04   2.763130e-05
  1.547840e+00   3.540492e-04   2.757620e-05
  1.550740e+00   2.840207e-04   2.771682e-05
  1.553630e+00   2.635835e-04   2.786016e-05
  1.556520e+00   3.190845e-04   2.794336e-05
  1.559410e+00   3.514687e-04   2.805530e-05
  1.562310e+00   3.010663e-04   2.803234e-05
  1.565200e+00   2.978529e-04   2.798343e-05
  1.568090e+00   3.036034e-04   2.813823e-05
  1.570990e+00   3.164272e-04   2.810185e-05
  1.573880e+00   3.337774e-04   2.810328e-05
  1.576770e+00   3.335912e-04   2.815647e-05
  1.579670e+00   3.257488e-04   2.811421e-05
  1.582560e+00   3.165591e-04   2.813838e-05
  1.585450e+00   3.494927e-04   2.813270e-05
  1.588350e+00   3.300912e-04   2.828188e-05
  1.591240e+00   3.120677e-04   2.819610e-05
  1.594130e+00   3.102819e-04   2.825254e-05
  1.597030e+00   3.118239e-04   2.820365e-05
  1.599920e+00   2.893738e-04   2.815968e-05
  1.602810e+00   3.149477e-04   2.825336e-05
  1.605710e+00   4.092382e-04   2.829155e-05
  1.608600e+00   3.097107e-04   2.825407e-05
  1.611490e+00   3.125242e-04   2.826231e-05
  1.614380e+00   3.276393e-04   2.814031e-05
  1.617280e+00   3.382954e-04   2.816339e-05
  1.620170e+00   2.988821e-04   2.802844e-05
  1.623060e+00   2.661552e-04   2.778840e-05
  1.625960e+00   2.781716e-04   2.775991e-05
  1.628850e+00   2.990251e-04   2.743837e-05
  1.631740e+00   2.642079e-04   2.739475e-05
  1.634640e+00   3.170782e-04   2.735747e-05
  1.637530e+00   2.600089e-04   2.724784e-05
  1.640420e+00   2.649176e-04   2.724760e-05
  1.643320e+00   2.843130e-04   2.713859e-05
  1.646210e+00   2.532861e-04   2.709307e-05
  1.649100e+00   3.075227e-04   2.701764e-05
  1.652000e+00   2.894256e-04   2.697613e-05
  1.654890e+00   3.259205e-04   2.692736e-05
  1.657780e+00   2.908063e-04   2.697898e-05
  1.660680e+00   2.835180e-04   2.686502e-05
  1.663570e+00   2.970221e-04   2.676399e-05
  1.666460e+00   2.467639e-04   2.668368e-05
  1.669350e+00   2.441062e-04   2.665452e-05
  1.672250e+00   2.722345e-04   2.663473e-05
  1.675140e+00   2.689818e-04   2.666095e-05
  1.678030e+00   2.570784e-04   2.657254e-05
  1.680930e+00   2.393628e-04   2.650571e-05
  1.683820e+00   3.131625e-04   2.651181e-05
  1.686710e+00   3.046808e-04   2.653557e-05
  1.689610e+00   2.817178e-04   2.643567e-05
  1.692500e+00   3.031191e-04   2.643575e-05
  1.695390e+00   2.805825e-04   2.646422e-05
  1.698290e+00   2.640070e-04   2.636924e-05
  1.701180e+00   2.722673e-04   2.625289e-05
  1.704070e+00   3.040066e-04   2.629710e-05
  1.706970e+00   2.528491e-04   2.624955e-05
  1.709860e+00   2.653856e-04   2.625052e-05
  1.712750e+00   3.208332e-04   2.624964e-05
  1.715650e+00   2.472585e-04   2.610321e-05
  1.718540e+00   2.808190e-04   2.610499e-05
  1.721430e+00   2.869121e-04   2.604541e-05
  1.724320e+00   2.579812e-04   2.604437e-05
  1.727220e+00   3.004269e-04   2.602723e-05
  1.730110e+00   2.986862e-04   2.599884e-05
  1.733000e+00   2.788838e-04   2.592867e-05
  1.735900e+00   2.597880e-04   2.586208e-05
  1.738790e+00   2.383603e-04   2.584736e-05
  1.741680e+00   2.824443e-04   2.586959e-05
  1.744580e+00   2.379230e-04   2.579903e-05
  1.747470e+00   2.553483e-04   2.574709e-05
  1.750360e+00   2.673666e-04   2.565989e-05
  1.753260e+00   2.409974e-04   2.561642e-05
  1.756150e+00   2.857749e-04   2.564059e-05
  1.759040e+00   2.416182e-04   2.560439e-05
  1.761940e+00   2.355919e-04   2.549174e-05
  1.764830e+00   2.532595e-04   2.558764e-05
  1.767720e+00   2.661313e-04   2.546658e-05
  1.770620e+00   2.588230e-04   2.549137e-05
  1.773510e+00   2.757941e-04   2.542540e-05
  1.776400e+00   2.705171e-04   2.544626e-05
  1.779300e+00   2.394046e-04   2.541486e-05
  1.782190e+00   2.237795e-04   2.533433e-05
  1.785080e+00   2.620681e-04   2.531467e-05
  1.787970e+00   2.544958e-04   2.527579e-05
  1.790870e+00   2.095191e-04   2.524851e-05
  1.793760e+00   2.227193e-04   2.527260e-05
  1.796650e+00   2.590132e-04   2.522143e-05
  1.799550e+00   2.412083e-04   2.520652e-05
  1.802440e+00   2.542934e-04   2.523365e-05
  1.805330e+00   2.520480e-04   2.513711e-05
  1.808230e+00   2.451310e-04   2.522176e-05
  1.811120e+00   2.159099e-04   2.512320e-05
  1.814010e+00   2.706433e-04   2.509838e-05
  1.816910e+00   3.121641e-04   2.506023e-05
  1.819800e+00   2.967309e-04   2.507467e-05
  1.822690e+00   2.270184e-04   2.494367e-05
  1.825590e+00   2.542259e-04   2.498930e-05
  1.828480e+00   2.602027e-04   2.497429e-05
  1.831370e+00   2.607755e-04   2.487289e-05
  1.834270e+00   2.674796e-04   2.488632e-05
  1.837160e+00   2.928384e-04   2.479808e-05
  1.840050e+00   2.202286e-04   2.482606e-05
  1.842940e+00   2.618445e-04   2.477826e-05
  1.845840e+00   2.667898e-04   2.481203e-05
  1.848730e+00   2.644146e-04   2.473353e-05
  1.851620e+00   2.545216e-04   2.466853e-05
  1.854520e+00   2.207243e-04   2.468955e-05
  1.857410e+00   2.234249e-04   2.463562e-05
  1.860300e+00   2.410487e-04   2.465298e-05
  1.863200e+00   2.076111e-04   2.463098e-05
  1.866090e+00   2.113394e-04   2.453949e-05
  1.868980e+00   2.636747e-04   2.454204e-05
  1.871880e+00   2.298312e-04   2.453199e-05
  1.874770e+00   2.469746e-04   2.450383e-05
  1.877660e+00   2.714309e-04   2.451807e-05
  1.880560e+00   2.216815e-04   2.449393e-05
  1.883450e+00   2.269820e-04   2.464945e-05
  1.886340e+00   1.929515e-04   2.471743e-05
  1.889240e+00   2.177590e-04   2.481288e-05
  1.892130e+00   2.789307e-04   2.495464e-05
  1.895020e+00   1.839710e-04   2.498000e-05
  1.897910e+00   2.252326e-04   2.493043e-05
  1.900810e+00   2.281029e-04   2.499722e-05
  1.903700e+00   2.131550e-04   2.487602e-05
  1.906590e+00   1.723477e-04   2.490991e-05
  1.909490e+00   2.120231e-04   2.503517e-05
  1.912380e+00   1.952693e-04   2.497298e-05
  1.915270e+00   2.077110e-04   2.496301e-05
  1.918170e+00   1.977205e-04   2.497330e-05
  1.921060e+00   2.551730e-04   2.494209e-05
  1.923950e+00   1.919857e-04   2.476208e-05
  1.926850e+00   2.397997e-04   2.461779e-05
  1.929740e+00   2.117907e-04   2.466689e-05
  1.932630e+00   2.422441e-04   2.448528e-05
  1.935530e+00   1.675380e-04   2.437902e-05
  1.938420e+00   2.396127e-04   2.447901e-05
  1.941310e+00   2.284355e-04   2.441593e-05
  1.944210e+00   1.982864e-04   2.444621e-05
  1.947100e+00   2.167902e-04   2.435227e-05
  1.949990e+00   2.527109e-04   2.433434e-05
  1.952880e+00   2.298208e-04   2.434040e-05
  1.955780e+00   2.114948e-04   2.428783e-05
  1.958670e+00   2.017784e-04   2.423748e-05
  1.961560e+00   2.172239e-04   2.431179e-05
  1.964460e+00   1.340955e-04   2.419357e-05
  1.967350e+00   2.082757e-04   2.426496e-05
  1.970240e+00   2.007484e-04   2.417165e-05
  1.973140e+00   2.177115e-04   2.409707e-05
  1.976030e+00   2.387131e-04   2.410432e-05
  1.978920e+00   1.850558e-04   2.412721e-05
  1.981820e+00   1.817580e-04   2.410631e-05
  1.984710e+00   2.090787e-04   2.401726e-05
  1.987600e+00   1.700289e-04   2.396689e-05
  1.990500e+00   2.060091e-04   2.397048e-05
  1.993390e+00   1.923393e-04   2.392882e-05
  1.996280e+00   1.967648e-04   2.391478e-05
  1.999180e+00   2.280187e-04   2.394096e-05
  2.002070e+00   2.001779e-04   2.392289e-05
  2.004960e+00   1.780217e-04   2.385105e-05
  2.007850e+00   2.206476e-04   2.378005e-05
  2.010750e+00   2.025951e-04   2.378821e-05
  2.013640e+00   2.286441e-04   2.380994e-05
  2.016530e+00   1.898360e-04   2.385736e-05
  2.019430e+00   1.860009e-04   2.370757e-05
  2.022320e+00   2.212717e-04   2.366205e-05
  2.025210e+00   2.129926e-04   2.368015e-05
  2.028110e+00   2.134147e-04   2.368839e-05
  2.031000e+00   2.222102e-04   2.364521e-05
  2.033890e+00   1.677544e-04   2.361606e-05
  2.036790e+00   2.089875e-04   2.363404e-05
  2.039680e+00   1.968243e-04   2.356385e-05
  2.042570e+00   1.733148e-04   2.350816e-05
  2.045470e+00   1.815239e-04   2.350071e-05
  2.048360e+00   1.969290e-04   2.353701e-05
  2.051250e+00   2.170964e-04   2.348483e-05
  2.054150e+00   1.982295e-04   2.349669e-05
  2.057040e+00   1.890121e-04   2.341534e-05
  2.059930e+00   1.946118e-04   2.340728e-05
  2.062820e+00   2.470214e-04   2.359901e-05
  2.065720e+00   1.750727e-04   2.367567e-05
  2.068610e+00   1.786654e-04   2.370315e-05
  2.071500e+00   1.939442e-04   2.371822e-05
  2.074400e+00   1.936753e-04   2.379358e-05
  2.077290e+00   1.860276e-04   2.378646e-05
  2.080180e+00   2.575628e-04   2.376008e-05
  2.083080e+00   2.254908e-04   2.381816e-05
  2.085970e+00   1.433959e-04   2.383935e-05
  2.088860e+00   2.111971e-04   2.384509e-05
  2.091760e+00   1.641691e-04   2.386387e-05
  2.094650e+00   2.215404e-04   2.383206e-05
  2.097540e+00   1.239356e-04   2.391181e-05
  2.100440e+00   1.748501e-04   2.383754e-05
  2.103330e+00   2.023188e-04   2.396185e-05
  2.106220e+00   2.068596e-04   2.396602e-05
  2.109120e+00   1.356664e-04   2.386629e-05
  2.112010e+00   1.921261e-04   2.396123e-05
  2.114900e+00   1.642547e-04   2.390203e-05
  2.117800e+00   1.675528e-04   2.386781e-05
  2.120690e+00   1.401033e-04   2.395265e-05
  2.123580e+00   1.847830e-04   2.392183e-05
  2.126470e+00   1.941662e-04   2.392017e-05
  2.129370e+00   2.006675e-04   2.387915e-05
  2.132260e+00   1.803740e-04   2.373206e-05
  2.135150e+00   2.112405e-04   2.357630e-05
  2.138050e+00   1.405134e-04   2.350357e-05
  2.140940e+00   1.815376e-04   2.349466e-05
  2.143830e+00   1.715783e-04   2.340470e-05
  2.146730e+00   1.795436e-04   2.338150e-05
  2.149620e+00   1.467580e-04   2.330964e-05
  2.152510e+00   1.753489e-04   2.331303e-05
  2.155410e+00   1.819532e-04   2.327542e-05
  2.158300e+00   1.500599e-04   2.323809e-05
  2.161190e+00   1.458349e-04   2.319192e-05
  2.164090e+00   1.770561e-04   2.332475e-05
  2.166980e+00   1.924121e-04   2.340436e-05
  2.169870e+00   1.288547e-04   2.350512e-05
  2.172770e+00   2.227372e-04   2.349361e-05
  2.175660e+00   1.828810e-04   2.355920e-05
  2.178550e+00   1.207634e-04   2.359094e-05
  2.181440e+00   1.742801e-04   2.367188e-05
  2.184340e+00   1.528060e-04   2.364907e-05
  2.187230e+00   1.705302e-04   2.361409e-05
  2.190120e+00   1.672970e-04   2.371969e-05
  2.193020e+00   1.554093e-04   2.375572e-05
  2.195910e+00   2.065406e-04   2.371380e-05
  2.198800e+00   1.457171e-04   2.368316e-05
  2.201700e+00   1.695446e-04   2.372457e-05
  2.204590e+00   1.848706e-04   2.379530e-05
  2.207480e+00   1.115555e-04   2.377025e-05
  2.210380e+00   1.715476e-04   2.373319e-05
  2.213270e+00   1.673787e-04   2.377998e-05
  2.216160e+00   2.261852e-04   2.371769e-05
  2.219060e+00   1.451917e-04   2.377213e-05
  2.221950e+00   1.440029e-04   2.371562e-05
  2.224840e+00   1.429423e-04   2.370184e-05
  2.227740e+00   1.578340e-04   2.370956e-05
  2.230630e+00   1.833613e-04   2.372361e-05
  2.233520e+00   1.888765e-04   2.360426e-05
  2.236410e+00   1.879544e-04   2.343959e-05
  2.239310e+00   1.557587e-04   2.333048e-05
  2.242200e+00   1.837507e-04   2.331083e-05
  2.245090e+00   1.572871e-04   2.312553e-05
  2.247990e+00   1.930414e-04   2.317700e-05
  2.250880e+00   1.689554e-04   2.310589e-05
  2.253770e+00   1.488114e-04   2.305066e-05
  2.256670e+00   1.803101e-04   2.301938e-05
  2.259560e+00   1.691280e-04   2.293503e-05
  2.262450e+00   1.894305e-04   2.294499e-05
  2.265350e+00   1.766758e-04   2.291369e-05
  2.268240e+00   1.577091e-04   2.287193e-05
  2.271130e+00   1.896881e-04   2.280866e-05
  2.274030e+00   1.852610e-04   2.275335e-05
  2.276920e+00   1.392331e-04   2.270778e-05
  2.279810e+00   2.012882e-04   2.269293e-05
  2.282710e+00   1.535662e-04   2.271485e-05
  2.285600e+00   1.722207e-04   2.265718e-05
  2.288490e+00   1.360570e-04   2.260576e-05
  2.291380e+00   2.008672e-04   2.263030e-05
  2.294280e+00   1.592877e-04   2.258552e-05
  2.297170e+00   9.636034e-05   2.250693e-05
  2.300060e+00   1.537842e-04   2.256961e-05
  2.302960e+00   1.857911e-04   2.247856e-05
  2.305850e+00   1.121566e-04   2.246192e-05
  2.308740e+00   1.811880e-04   2.243823e-05
  2.311640e+00   1.623713e-04   2.244528e-05
  2.314530e+00   1.330538e-04   2.237868e-05
  2.317420e+00   1.234585e-04   2.233977e-05
  2.320320e+00   1.259175e-04   2.234188e-05
  2.323210e+00   1.353058e-04   2.235419e-05
  2.326100e+00   1.708095e-04   2.227390e-05
  2.329000e+00   1.301300e-04   2.227571e-05
  2.331890e+00   1.598028e-04   2.223374e-05
  2.334780e+00   1.629309e-04   2.227536e-05
  2.337680e+00   1.887601e-04   2.226126e-05
  2.340570e+00   1.440694e-04   2.220435e-05
  2.343460e+00   1.549367e-04   2.218858e-05
  2.346350e+00   1.330097e-04   2.217335e-05
  2.349250e+00   1.619925e-04   2.214329e-05
  2.352140e+00   1.969294e-04   2.216478e-05
  2.355030e+00   1.799357e-04   2.210772e-05
  2.357930e+00   1.622935e-04   2.210229e-05
  2.360820e+00   1.032276e-04   2.208602e-05
  2.363710e+00   1.380091e-04   2.199973e-05
  2.366610e+00   1.266878e-04   2.200474e-05
  2.369500e+00   2.009505e-04   2.200012e-05
  2.372390e+00   1.372773e-04   2.199052e-05
  2.375290e+00   1.568837e-04   2.194522e-05
  2.378180e+00   1.567973e-04   2.193653e-05
  2.381070e+00   1.658862e-04   2.200835e-05
  2.383970e+00   1.618236e-04   2.202707e-05
  2.386860e+00   1.648359e-04   2.199901e-05
  2.389750e+00   2.040028e-04   2.207100e-05
  2.392650e+00   1.389285e-04   2.196645e-05
  2.395540e+00   1.492615e-04   2.204010e-05
  2.398430e+00   1.463675e-04   2.204525e-05
  2.401330e+00   1.202044e-04   2.199762e-05
  2.404220e+00   1.509225e-04   2.199243e-05
  2.407110e+00   1.141478e-04   2.197628e-05
  2.410000e+00   1.528177e-04   2.204992e-05
  2.412900e+00   1.386809e-04   2.202393e-05
  2.415790e+00   1.249757e-04   2.201934e-05
  2.418680e+00   1.561100e-04   2.202191e-05
  2.421580e+00   1.365343e-04   2.198184e-05
  2.424470e+00   1.546194e-04   2.190392e-05
  2.427360e+00   2.268972e-04   2.198451e-05
  2.430260e+00   1.294920e-04   2.186516e-05
  2.433150e+00   1.240147e-04   2.191908e-05
  2.436040e+00   1.372131e-04   2.187383e-05
  2.438940e+00   1.707486e-04   2.184652e-05
  2.441830e+00   1.143640e-04   2.184608e-05
  2.444720e+00   1.628966e-04   2.186470e-05
  2.447620e+00   1.564240e-04   2.184999e-05
  2.450510e+00   1.313290e-04   2.178235e-05
  2.453400e+00   1.536139e-04   2.173089e-05
  2.456300e+00   1.101588e-04   2.172520e-05
  2.459190e+00   1.101478e-04   2.168361e-05
  2.462080e+00   1.358724e-04   2.169894e-05
  2.464970e+00   1.387644e-04   2.163204e-05
  2.467870e+00   1.658907e-04   2.159597e-05
  2.470760e+00   1.776425e-04   2.164265e-05
  2.473650e+00   1.136753e-04   2.153443e-05
  2.476550e+00   1.680457e-04   2.158580e-05
  2.479440e+00   1.412727e-04   2.150419e-05
  2.482330e+00   1.425954e-04   2.152080e-05
  2.485230e+00   1.558246e-04   2.150545e-05
  2.488120e+00   1.146250e-04   2.146033e-05
  2.491010e+00   1.244266e-04   2.141239e-05
  2.493910e+00   1.325736e-04   2.143396e-05
  2.496800e+00   1.144290e-04   2.144557e-05
  2.499690e+00   1.269053e-04   2.142152e-05
  2.502590e+00   1.576405e-04   2.135904e-05
  2.505480e+00   1.341956e-04   2.139695e-05
  2.508370e+00   1.312277e-04   2.133848e-05
  2.511270e+00   1.115110e-04   2.132421e-05
  2.514160e+00   1.391389e-04   2.135216e-05
  2.517050e+00   1.516166e-04   2.129544e-05
  2.519940e+00   1.089594e-04   2.130211e-05
  2.522840e+00   1.395957e-04   2.121056e-05
  2.525730e+00   1.289507e-04   2.119781e-05
  2.528620e+00   1.533849e-04   2.120602e-05
  2.531520e+00   1.203238e-04   2.120380e-05
  2.534410e+00   1.558423e-04   2.118254e-05
  2.537300e+00   1.189323e-04   2.110284e-05
  2.540200e+00   1.444846e-04   2.109945e-05
  2.543090e+00   1.677895e-04   2.106678e-05
  2.545980e+00   1.194159e-04   2.106779e-05
  2.548880e+00   1.307454e-04   2.106207e-05
  2.551770e+00   1.227804e-04   2.104561e-05
  2.554660e+00   8.744247e-05   2.100735e-05
  2.557560e+00   1.103153e-04   2.098699e-05
  2.560450e+00   1.090557e-04   2.092325e-05
  2.563340e+00   1.178268e-04   2.097954e-05
  2.566240e+00   1.032229e-04   2.095189e-05
  2.569130e+00   1.202554e-04   2.094402e-05
  2.572020e+00   7.335096e-05   2.091234e-05
  2.574910e+00   8.351982e-05   2.086175e-05
  2.577810e+00   1.107847e-04   2.086048e-05
  2.580700e+00   1.239712e-04   2.089151e-05
  2.583590e+00   1.501020e-04   2.084814e-05
  2.586490e+00   1.558140e-04   2.091194e-05
  2.589380e+00   1.318277e-04   2.080479e-05
  2.592270e+00   1.245551e-04   2.081124e-05
  2.595170e+00   1.684004e-04   2.082108e-05
  2.598060e+00   1.368031e-04   2.077167e-05
  2.600950e+00   1.353981e-04   2.080690e-05
  2.603850e+00   1.269162e-04   2.082723e-05
  2.606740e+00   1.277286e-04   2.071745e-05
  2.609630e+00   9.672999e-05   2.076814e-05
  2.612530e+00   1.142142e-04   2.071139e-05
  2.615420e+00   9.279993e-05   2.078716e-05
  2.618310e+00   1.049871e-04   2.074058e-05
  2.621210e+00   1.129563e-04   2.073418e-05
  2.624100e+00   1.118913e-04   2.069971e-05
  2.626990e+00   1.001250e-04   2.065724e-05
  2.629880e+00   1.195926e-04   2.070050e-05
  2.632780e+00   1.513604e-04   2.066723e-05
  2.635670e+00   1.297102e-04   2.065492e-05
  2.638560e+00   1.093566e-04   2.065101e-05
  2.641460e+00   1.540261e-04   2.059700e-05
  2.644350e+00   1.474797e-04   2.058646e-05
  2.647240e+00   1.295150e-04   2.059069e-05
  2.650140e+00   1.123326e-04   2.058263e-05
  2.653030e+00   1.221795e-04   2.059149e-05
  2.655920e+00   1.228665e-04   2.052283e-05
  2.658820e+00   1.409289e-04   2.053885e-05
  2.661710e+00   1.281603e-04   2.052661e-05
  2.664600e+00   1.236086e-04   2.045797e-05
  2.667500e+00   1.395693e-04   2.049226e-05
  2.670390e+00   1.230473e-04   2.045558e-05
  2.673280e+00   1.293664e-04   2.051126e-05
  2.676180e+00   8.346918e-05   2.057821e-05
  2.679070e+00   8.096563e-05   2.059997e-05
  2.681960e+00   1.434043e-04   2.071016e-05
  2.684850e+00   1.319660e-04   2.073360e-05
  2.687750e+00   1.232256e-04   2.079085e-05
  2.690640e+00   1.332219e-04   2.075951e-05
  2.693530e+00   1.281407e-04   2.080719e-05
  2.696430e+00   1.340995e-04   2.082586e-05
  2.699320e+00   1.261222e-04   2.081901e-05
  2.702210e+00   1.081125e-04   2.087410e-05
  2.705110e+00   1.309530e-04   2.086407e-05
  2.708000e+00   1.379503e-04   2.091892e-05
  2.710890e+00   1.047180e-04   2.086512e-05
  2.713790e+00   1.405314e-04   2.086224e-05
  2.716680e+00   8.994964e-05   2.090225e-05
  2.719570e+00   1.285059e-04   2.086919e-05
  2.722470e+00   1.195817e-04   2.093959e-05
  2.725360e+00   1.491358e-04   2.087142e-05
  2.728250e+00   1.001610e-04   2.088210e-05
  2.731150e+00   1.536000e-04   2.094393e-05
  2.734040e+00   1.072130e-04   2.090958e-05
  2.736930e+00   9.690965e-05   2.094575e-05
  2.739830e+00   7.684687e-05   2.092530e-05
  2.742720e+00   1.033086e-04   2.089749e-05
  2.745610e+00   1.189902e-04   2.082064e-05
  2.748500e+00   9.433776e-05   2.066267e-05
  2.751400e+00   1.251373e-04   2.064772e-05
  2.754290e+00   1.248099e-04   2.062905e-05
  2.757180e+00   8.734280e-05   2.056083e-05
  2.760080e+00   1.328422e-04   2.054471e-05
  2.762970e+00   1.465537e-04   2.047888e-05
  2.765860e+00   1.056338e-04   2.050635e-05
  2.768760e+00   1.256408e-04   2.046260e-05
  2.771650e+00   1.219589e-04   2.040953e-05
  2.774540e+00   1.266061e-04   2.041429e-05
  2.777440e+00   9.354292e-05   2.043430e-05
  2.780330e+00   1.054433e-04   2.054904e-05
  2.783220e+00   1.467188e-04   2.059889e-05
  2.786120e+00   9.922275e-05   2.060645e-05
  2.789010e+00   1.021949e-04   2.072387e-05
  2.791900e+00   1.305135e-04   2.071515e-05
  2.794800e+00   1.123176e-04   2.065947e-05
  2.797690e+00   1.008776e-04   2.068720e-05
  2.800580e+00   1.114255e-04   2.067044e-05
  2.803470e+00   1.073625e-04   2.073386e-05
  2.806370e+00   1.153238e-04   2.073358e-05
  2.809260e+00   1.102267e-04   2.063797e-05
  2.812150e+00   1.103024e-04   2.069494e-05
  2.815050e+00   1.083375e-04   2.065907e-05
  2.817940e+00   1.465052e-04   2.073164e-05
  2.820830e+00   9.787999e-05   2.066470e-05
  2.823730e+00   8.400128e-05   2.068509e-05
  2.826620e+00   1.267470e-04   2.075925e-05
  2.829510e+00   1.377885e-04   2.066481e-05
  2.832410e+00   9.740625e-05   2.071714e-05
  2.835300e+00   1.008577e-04   2.070728e-05
  2.838190e+00   1.284884e-04   2.076046e-05
  2.841090e+00   1.012669e-04   2.076688e-05
  2.843980e+00   1.104772e-04   2.067490e-05
  2.846870e+00   1.270714e-04   2.060136e-05
  2.849770e+00   1.120056e-04   2.053997e-05
  2.852660e+00   1.104263e-04   2.045322e-05
  2.855550e+00   1.261613e-04   2.044645e-05
  2.858440e+00   1.287482e-04   2.032996e-05
  2.861340e+00   1.007201e-04   2.035412e-05
  2.864230e+00   1.605017e-04   2.026678e-05
  2.867120e+00   1.112089e-04   2.023018e-05
  2.870020e+00   1.276866e-04   2.023195e-05
  2.872910e+00   1.028903e-04   2.016905e-05
  2.875800e+00   1.128034e-04   2.019967e-05
  2.878700e+00   6.584433e-05   2.008137e-05
  2.881590e+00   9.576907e-05   2.006702e-05
  2.884480e+00   1.149938e-04   2.007589e-05
  2.887380e+00   1.123682e-04   2.010592e-05
  2.890270e+00   9.730278e-05   2.005729e-05
  2.893160e+00   1.134354e-04   2.002780e-05
  2.896060e+00   9.605918e-05   2.000023e-05
  2.898950e+00   1.314917e-04   1.999388e-05
  2.901840e+00   6.826091e-05   1.996331e-05
  2.904740e+00   1.156631e-04   1.997762e-05
  2.907630e+00   8.105112e-05   1.998273e-05
  2.910520e+00   1.104168e-04   1.997562e-05
  2.913410e+00   1.295420e-04   1.991818e-05
  2.916310e+00   1.274743e-04   1.990068e-05
  2.919200e+00   7.891478e-05   1.989039e-05
  2.922090e+00   1.169988e-04   1.989405e-05
  2.924990e+00   1.158357e-04   1.991172e-05
  2.927880e+00   8.220705e-05   1.984826e-05
  2.930770e+00   9.891083e-05   1.981035e-05
  2.933670e+00   9.792716e-05   1.980662e-05
  2.936560e+00   1.030943e-04   1.983538e-05
  2.939450e+00   9.130859e-05   1.976375e-05
  2.942350e+00   1.181373e-04   1.981807e-05
  2.945240e+00   1.254556e-04   1.974438e-05
  2.948130e+00   1.090036e-04   1.971336e-05
  2.951030e+00   1.167581e-04   1.970285e-05
  2.953920e+00   1.035755e-04   1.970031e-05
  2.956810e+00   1.031286e-04   1.971919e-05
  2.959710e+00   1.091996e-04   1.964516e-05
  2.962600e+00   9.878480e-05   1.966336e-05
  2.965490e+00   8.449203e-05   1.961726e-05
  2.968380e+00   1.317695e-04   1.962633e-05
  2.971280e+00   7.787148e-05   1.962717e-05
  2.974170e+00   9.557369e-05   1.954253e-05
  2.977060e+00   8.835764e-05   1.962061e-05
  2.979960e+00   1.266470e-04   1.955010e-05
  2.982850e+00   1.093344e-04   1.953696e-05
  2.985740e+00   1.169907e-04   1.955631e-05
  2.988640e+00   1.036120e-04   1.945912e-05
  2.991530e+00   1.152330e-04   1.952552e-05
  2.994420e+00   9.091963e-05   1.948944e-05
  2.997320e+00   1.035775e-04   1.944596e-05
  3.000210e+00   7.883732e-05   1.946831e-05
  3.003100e+00   1.227795e-04   1.941205e-05
  3.006000e+00   1.378687e-04   1.947566e-05
  3.008890e+00   9.175690e-05   1.940128e-05
  3.011780e+00   8.445222e-05   1.939111e-05
  3.014680e+00   5.457844e-05   1.941260e-05
  3.017570e+00   9.626326e-05   1.935477e-05
  3.020460e+00   1.165173e-04   1.936624e-05
  3.023360e+00   9.214914e-05   1.935535e-05
  3.026250e+00   1.113564e-04   1.935085e-05
  3.029140e+00   1.096395e-04   1.933529e-05
  3.032030e+00   9.266866e-05   1.928098e-05
  3.034930e+00   9.042180e-05   1.927244e-05
  3.037820e+00   1.151470e-04   1.928887e-05
  3.040710e+00   8.601047e-05   1.924744e-05
  3.043610e+00   1.114005e-04   1.928163e-05
  3.046500e+00   1.200725e-04   1.922309e-05
  3.049390e+00   1.074310e-04   1.919971e-05
  3.052290e+00   1.002548e-04   1.921554e-05
  3.055180e+00   9.872014e-05   1.918914e-05
  3.058070e+00   7.226659e-05   1.920408e-05
  3.060970e+00   1.113034e-04   1.918452e-05
  3.063860e+00   7.014831e-05   1.913918e-05
  3.066750e+00   8.171020e-05   1.912448e-05
  3.069650e+00   6.903059e-05   1.913753e-05
  3.072540e+00   9.318260e-05   1.913272e-05
  3.075430e+00   1.247618e-04   1.910347e-05
  3.078330e+00   1.365713e-04   1.911184e-05
  3.081220e+00   1.131191e-04   1.908117e-05
  3.084110e+00   7.674380e-05   1.905514e-05
  3.087000e+00   5.892586e-05   1.905797e-05
  3.089900e+00   7.874296e-05   1.905301e-05
  3.092790e+00   5.565071e-05   1.901120e-05
  3.095680e+00   1.033201e-04   1.901526e-05
  3.098580e+00   1.056650e-04   1.900797e-05
  3.101470e+00   8.000102e-05   1.899443e-05
  3.104360e+00   8.768575e-05   1.895307e-05
  3.107260e+00   7.863181e-05   1.898752e-05
  3.110150e+00   8.369046e-05   1.894662e-05
  3.113040e+00   1.063263e-04   1.897261e-05
  3.115940e+00   5.695899e-05   1.889158e-05
  3.118830e+00   1.107180e-04   1.891746e-05
  3.121720e+00   1.357875e-04   1.892053e-05
  3.124620e+00   1.140609e-04   1.889069e-05
  3.127510e+00   7.590031e-05   1.888689e-05
  3.130400e+00   9.546899e-05   1.884695e-05
  3.133300e+00   8.749207e-05   1.883729e-05
  3.136190e+00   6.054003e-05   1.882718e-05
  3.139080e+00   8.827696e-05   1.882731e-05
  3.141970e+00   9.187010e-05   1.881389e-05
  3.144870e+00   8.171056e-05   1.881238e-05
  3.147760e+00   7.659496e-05   1.880846e-05
  3.150650e+00   7.531044e-05   1.874440e-05
  3.153550e+00   7.302309e-05   1.871121e-05
  3.156440e+00   8.283279e-05   1.877123e-05
  3.159330e+00   8.869435e-05   1.873589e-05
  3.162230e+00   8.781601e-05   1.869048e-05
  3.165120e+00   1.177269e-04   1.868894e-05
  3.168010e+00   1.195605e-04   1.868317e-05
  3.170910e+00   9.720142e-05   1.864540e-05
  3.173800e+00   7.676877e-05   1.867284e-05
  3.176690e+00   8.974852e-05   1.861413e-05
  3.179590e+00   5.670818e-05   1.861303e-05
  3.182480e+00   6.746713e-05   1.863471e-05
  3.185370e+00   9.381898e-05   1.855452e-05
  3.188270e+00   1.030907e-04   1.859105e-05
  3.191160e+00   9.930797e-05   1.856479e-05
  3.194050e+00   9.407237e-05   1.855471e-05
  3.196940e+00   1.074376e-04   1.860625e-05
  3.199840e+00   8.978347e-05   1.850814e-05
  3.202730e+00   7.707749e-05   1.855538e-05
  3.205620e+00   8.965324e-05   1.850381e-05
  3.208520e+00   9.992650e-05   1.851834e-05
  3.211410e+00   9.646593e-05   1.854482e-05
  3.214300e+00   6.280663e-05   1.849662e-05
  3.217200e+00   8.183389e-05   1.847528e-05
  3.220090e+00   8.308718e-05   1.845048e-05
  3.222980e+00   7.511445e-05   1.842409e-05
  3.225880e+00   8.935499e-05   1.848697e-05
  3.228770e+00   9.295808e-05   1.843070e-05
  3.231660e+00   1.116039e-04   1.846415e-05
  3.234560e+00   1.014164e-04   1.840772e-05
  3.237450e+00   6.604236e-05   1.834892e-05
  3.240340e+00   8.835454e-05   1.837798e-05
  3.243240e+00   8.036432e-05   1.834430e-05
  3.246130e+00   9.734207e-05   1.837616e-05
  3.249020e+00   7.690085e-05   1.834903e-05
  3.251910e+00   7.016905e-05   1.829596e-05
  3.254810e+00   1.286164e-04   1.832548e-05
  3.257700e+00   9.437181e-05   1.828900e-05
  3.260590e+00   7.564302e-05   1.829074e-05
  3.263490e+00   1.068728e-04   1.832415e-05
  3.266380e+00   9.342357e-05   1.827602e-05
  3.269270e+00   5.326987e-05   1.826698e-05
  3.272170e+00   6.575640e-05   1.826667e-05
  3.275060e+00   6.969627e-05   1.824629e-05
  3.277950e+00   7.077017e-05   1.825814e-05
  3.280850e+00   8.923687e-05   1.824641e-05
  3.283740e+00   1.212880e-04   1.822858e-05
  3.286630e+00   1.179863e-04   1.823399e-05
  3.289530e+00   8.273685e-05   1.830344e-05
  3.292420e+00   7.063128e-05   1.836826e-05
  3.295310e+00   7.011377e-05   1.841146e-05
  3.298210e+00   9.721755e-05   1.843581e-05
  3.301100e+00   9.119911e-05   1.860218e-05
  3.303990e+00   9.617887e-05   1.865334e-05
  3.306880e+00   7.889754e-05   1.869863e-05
  3.309780e+00   9.412172e-05   1.880026e-05
  3.312670e+00   6.666312e-05   1.878341e-05
  3.315560e+00   6.739827e-05   1.888127e-05
  3.318460e+00   7.550894e-05   1.884611e-05
  3.321350e+00   8.671281e-05   1.891532e-05
  3.324240e+00   8.552561e-05   1.888134e-05
  3.327140e+00   6.519612e-05   1.894623e-05
  3.330030e+00   5.865030e-05   1.898731e-05
  3.332920e+00   7.792113e-05   1.900342e-05
  3.335820e+00   7.574584e-05   1.908537e-05
  3.338710e+00   8.976082e-05   1.905142e-05
  3.341600e+00   8.778948e-05   1.913371e-05
  3.344500e+00   6.833795e-05   1.911270e-05
  3.347390e+00   7.750368e-05   1.921912e-05
  3.350280e+00   7.887463e-05   1.921174e-05
  3.353180e+00   9.292861e-05   1.925906e-05
  3.356070e+00   5.470243e-05   1.922908e-05
  3.358960e+00   8.471676e-05   1.914348e-05
  3.361860e+00   6.308425e-05   1.907171e-05
  3.364750e+00   8.224672e-05   1.902839e-05
  3.367640e+00   6.761028e-05   1.900181e-05
  3.370530e+00   6.026688e-05   1.900263e-05
  3.373430e+00   9.263394e-05   1.899156e-05
  3.376320e+00   5.979972e-05   1.898302e-05
  3.379210e+00   9.587915e-05   1.894900e-05
  3.382110e+00   6.466894e-05   1.890225e-05
  3.385000e+00   1.143034e-04   1.895911e-05
  3.387890e+00   7.320841e-05   1.893989e-05
  3.390790e+00   9.340217e-05   1.904387e-05
  3.393680e+00   6.970248e-05   1.910340e-05
  3.396570e+00   1.206539e-04   1.918843e-05
  3.399470e+00   8.601264e-05   1.921311e-05
  3.402360e+00   9.503715e-05   1.926751e-05
  3.405250e+00   8.301930e-05   1.927557e-05
  3.408150e+00   6.406200e-05   1.933168e-05
  3.411040e+00   8.036896e-05   1.931596e-05
  3.413930e+00   9.340921e-05   1.933992e-05
  3.416830e+00   7.459685e-05   1.938109e-05
  3.419720e+00   9.326456e-05   1.939975e-05
  3.422610e+00   1.126964e-04   1.942527e-05
  3.425500e+00   9.988086e-05   1.940491e-05
  3.428400e+00   1.200423e-04   1.945842e-05
  3.431290e+00   8.861903e-05   1.944397e-05
  3.434180e+00   8.650724e-05   1.944918e-05
  3.437080e+00   1.101127e-04   1.951223e-05
  3.439970e+00   1.080129e-04   1.949399e-05
  3.442860e+00   8.866477e-05   1.949848e-05
  3.445760e+00   4.463996e-05   1.952181e-05
  3.448650e+00   1.087083e-04   1.950287e-05
  3.451540e+00   7.429559e-05   1.953585e-05
  3.454440e+00   9.524486e-05   1.953793e-05
  3.457330e+00   6.417046e-05   1.958824e-05
  3.460220e+00   6.367022e-05   1.959015e-05
  3.463120e+00   7.875476e-05   1.958767e-05
  3.466010e+00   6.127443e-05   1.962593e-05
  3.468900e+00   5.043548e-05   1.962732e-05
  3.471800e+00   7.631156e-05   1.963715e-05
  3.474690e+00   5.253207e-05   1.967069e-05
  3.477580e+00   6.638493e-05   1.965800e-05
  3.480470e+00   4.920320e-05   1.970200e-05
  3.483370e+00   1.140287e-04   1.970259e-05
  3.486260e+00   2.396412e-05   1.968694e-05
  3.489150e+00   6.342068e-05   1.974112e-05
  3.492050e+00   5.357716e-05   1.977194e-05
  3.494940e+00   8.079891e-05   1.980262e-05
  3.497830e+00   7.394357e-05   1.979153e-05
  3.500730e+00   7.146345e-05   1.978500e-05
  3.503620e+00   5.839954e-05   1.984839e-05
  3.506510e+00   1.017688e-04   1.982475e-05
  3.509410e+00   7.965755e-05   1.986090e-05
  3.512300e+00   1.068075e-04   1.985602e-05
  3.515190e+00   6.890874e-05   1.986299e-05
  3.518090e+00   5.514927e-05   1.994492e-05
  3.520980e+00   7.319318e-05   1.988573e-05
  3.523870e+00   8.014091e-05   1.989913e-05
  3.526770e+00   7.968470e-05   1.990255e-05
  3.529660e+00   9.622856e-05   1.992544e-05
  3.532550e+00   5.280268e-05   1.990673e-05
  3.535440e+00   7.072912e-05   1.992210e-05
  3.538340e+00   6.033956e-05   1.991289e-05
  3.541230e+00   8.143776e-05   1.998773e-05
  3.544120e+00   9.192190e-05   1.996330e-05
  3.547020e+00   8.865480e-05   1.994920e-05
  3.549910e+00   6.688327e-05   2.000001e-05
  3.552800e+00   9.126296e-05   2.000817e-05
  3.555700e+00   7.560579e-05   2.001271e-05
  3.558590e+00   3.842818e-05   1.998244e-05
  3.561480e+00   7.708889e-05   2.003656e-05
  3.564380e+00   7.447963e-05   2.003921e-05
  3.567270e+00   7.310672e-05   2.009527e-05
  3.570160e+00   3.425112e-05   1.999523e-05
  3.573060e+00   5.526934e-05   2.003834e-05
  3.575950e+00   4.611487e-05   2.007587e-05
  3.578840e+00   9.421620e-05   2.010911e-05
  3.581740e+00   1.057746e-04   2.009658e-05
  3.584630e+00   7.172464e-05   2.003021e-05
  3.587520e+00   8.539987e-05   2.014241e-05
  3.590410e+00   7.281693e-05   2.009000e-05
  3.593310e+00   7.837920e-05   2.013001e-05
  3.596200e+00   9.762621e-05   2.011098e-05
  3.599090e+00   1.047641e-04   2.007754e-05
  3.601990e+00   5.239177e-05   2.014363e-05
  3.604880e+00   6.989123e-05   2.012265e-05
  3.607770e+00   1.011787e-04   2.012159e-05
  3.610670e+00   2.090264e-05   2.011438e-05
  3.613560e+00   5.127812e-05   2.015762e-05
  3.616450e+00   2.115419e-05   2.013256e-05
  3.619350e+00   7.013646e-05   2.010902e-05
  3.622240e+00   6.972971e-05   2.013007e-05
  3.625130e+00   6.337476e-05   2.014578e-05
  3.628030e+00   7.259201e-05   2.017078e-05
  3.630920e+00   6.570448e-05   2.017048e-05
  3.633810e+00   8.447171e-05   2.014327e-05
  3.636710e+00   9.470219e-05   2.018883e-05
  3.639600e+00   5.709105e-05   2.021704e-05
  3.642490e+00   7.273575e-05   2.021933e-05
  3.645380e+00   7.320326e-05   2.019099e-05
  3.648280e+00   7.693063e-05   2.024530e-05
  3.651170e+00   1.068521e-04   2.025691e-05
  3.654060e+00   9.769615e-05   2.024142e-05
  3.656960e+00   7.658943e-05   2.022609e-05
  3.659850e+00   6.962324e-05   2.024739e-05
  3.662740e+00   6.586693e-05   2.028856e-05
  3.665640e+00   6.986666e-05   2.021538e-05
  3.668530e+00   9.993037e-05   2.022136e-05
  3.671420e+00   1.142429e-04   2.025279e-05
  3.674320e+00   8.787178e-05   2.023059e-05
  3.677210e+00   6.980941e-05   2.029925e-05
  3.680100e+00   7.311577e-05   2.019978e-05
  3.683000e+00   6.466260e-05   2.029540e-05
  3.685890e+00   5.727357e-05   2.027447e-05
  3.688780e+00   4.607144e-05   2.022036e-05
  3.691680e+00   6.676693e-05   2.030178e-05
  3.694570e+00   5.132202e-05   2.025879e-05
  3.697460e+00   6.107027e-05   2.032265e-05
  3.700360e+00   8.417113e-05   2.035558e-05
  3.703250e+00   9.167781e-05   2.026742e-05
  3.706140e+00   1.037511e-04   2.029775e-05
  3.709030e+00   1.165505e-04   2.034313e-05
  3.711930e+00   7.028426e-05   2.034129e-05
  3.714820e+00   4.576350e-05   2.036352e-05
  3.717710e+00   7.306558e-05   2.035516e-05
  3.720610e+00   4.408880e-05   2.036680e-05
  3.723500e+00   1.012154e-04   2.035485e-05
  3.726390e+00   6.954251e-05   2.038658e-05
  3.729290e+00   6.544971e-05   2.043820e-05
  3.732180e+00   8.971785e-05   2.047091e-05
  3.735070e+00   3.716040e-05   2.038836e-05
  3.737970e+00   4.120701e-05   2.041480e-05
  3.740860e+00   7.345192e-05   2.042203e-05
  3.743750e+00   1.091773e-04   2.046537e-05
  3.746650e+00   8.039375e-05   2.047247e-05
  3.749540e+00   8.590819e-05   2.048313e-05
  3.752430e+00   9.056538e-05   2.042272e-05
  3.755330e+00   5.717596e-05   2.045160e-05
  3.758220e+00   8.755324e-05   2.047705e-05
  3.761110e+00   8.272526e-05   2.048569e-05
  3.764000e+00   3.185845e-05   2.046334e-05
  3.766900e+00   6.520568e-05   2.053667e-05
  3.769790e+00   7.633386e-05   2.049899e-05
  3.772680e+00   5.154599e-05   2.047877e-05
  3.775580e+00   6.716439e-05   2.052006e-05
  3.778470e+00   9.101180e-05   2.049018e-05
  3.781360e+00   1.241512e-05   2.058020e-05
  3.784260e+00   4.750434e-05   2.053141e-05
  3.787150e+00   5.654108e-05   2.053020e-05
  3.790040e+00   8.027484e-05   2.052081e-05
  3.792940e+00   8.443113e-05   2.054588e-05
  3.795830e+00   7.169177e-05   2.053202e-05
  3.798720e+00   5.391834e-05   2.057578e-05
  3.801620e+00   5.281905e-05   2.057489e-05
  3.804510e+00   8.247371e-05   2.053666e-05
  3.807400e+00   4.976064e-05   2.053238e-05
  3.810300e+00   9.575146e-05   2.061367e-05
  3.813190e+00   7.545443e-05   2.065489e-05
  3.816080e+00   7.717483e-05   2.077671e-05
  3.818970e+00   1.140625e-04   2.076258e-05
  3.821870e+00   7.798804e-05   2.076300e-05
  3.824760e+00   2.848329e-05   2.080094e-05
  3.827650e+00   5.224567e-05   2.087115e-05
  3.830550e+00   2.866760e-05   2.090459e-05
  3.833440e+00   6.401048e-05   2.092185e-05
  3.836330e+00   5.296132e-05   2.105093e-05
  3.839230e+00   6.766293e-05   2.101834e-05
  3.842120e+00   4.841640e-05   2.106494e-05
  3.845010e+00   7.020662e-05   2.111507e-05
  3.847910e+00   3.382753e-05   2.115830e-05
  3.850800e+00   4.570025e-05   2.120031e-05
  3.853690e+00   6.787003e-05   2.123943e-05
  3.856590e+00   5.346936e-05   2.127309e-05
  3.859480e+00   4.336626e-05   2.132230e-05
  3.862370e+00   6.164064e-05   2.132667e-05
  3.865270e+00   4.444005e-05   2.146217e-05
  3.868160e+00   4.228169e-05   2.139843e-05
  3.871050e+00   5.150107e-05   2.144508e-05
  3.873940e+00   9.394826e-05   2.154482e-05
  3.876840e+00   4.542193e-05   2.149250e-05
  3.879730e+00   7.351640e-05   2.155895e-05
  3.882620e+00   6.114114e-05   2.161367e-05
  3.885520e+00   8.008810e-05   2.160399e-05
  3.888410e+00   6.158592e-05   2.168281e-05
  3.891300e+00   6.903906e-05   2.164235e-05
  3.894200e+00   2.046625e-05   2.162953e-05
  3.897090e+00   7.777635e-05   2.175351e-05
  3.899980e+00   5.748923e-05   2.165831e-05
  3.902880e+00   3.042705e-05   2.202045e-05
  3.905770e+00   4.263696e-05   2.204593e-05
  3.908660e+00   1.130233e-04   2.218363e-05
  3.911560e+00   6.735073e-05   2.221753e-05
  3.914450e+00   3.110122e-05   2.238241e-05
  3.917340e+00   5.008741e-05   2.244747e-05
  3.920240e+00   2.902704e-05   2.250168e-05
  3.923130e+00   8.186101e-05   2.260458e-05
  3.926020e+00   6.375042e-05   2.266995e-05
  3.928910e+00   2.618053e-05   2.265598e-05
  3.931810e+00   8.254726e-05   2.275319e-05
  3.934700e+00   5.378628e-05   2.285471e-05
  3.937590e+00   6.737543e-05   2.284711e-05
  3.940490e+00   2.689529e-05   2.291283e-05
  3.943380e+00   5.636113e-05   2.297210e-05
  3.946270e+00   9.533866e-05   2.311407e-05
  3.949170e+00   2.364878e-05   2.308793e-05
  3.952060e+00   6.427787e-05   2.326482e-05
  3.954950e+00   1.168028e-04   2.319049e-05
  3.957850e+00   9.021376e-05   2.340161e-05
  3.960740e+00   9.994680e-05   2.331696e-05
  3.963630e+00   7.738615e-05   2.344331e-05
  3.966530e+00   5.509231e-05   2.343639e-05
  3.969420e+00   8.324926e-05   2.355435e-05
  3.972310e+00   7.518190e-05   2.362288e-05
  3.975210e+00   5.234578e-05   2.366057e-05
  3.978100e+00   6.585221e-05   2.367864e-05
  3.980990e+00   4.734974e-05   2.375159e-05
  3.983890e+00   7.926219e-05   2.379650e-05
  3.986780e+00   6.945407e-05   2.392888e-05
  3.989670e+00   4.090482e-05   2.393972e-05
  3.992560e+00   5.642785e-05   2.394009e-05
  3.995460e+00   6.111151e-05   2.410366e-05
  3.998350e+00   9.389581e-05   2.408939e-05
  4.001240e+00   4.655352e-05   2.424535e-05
  4.004140e+00   8.737872e-05   2.420285e-05
  4.007030e+00   6.868769e-05   2.429396e-05
  4.009920e+00   2.442785e-05   2.431781e-05
  4.012820e+00   5.406972e-05   2.442709e-05
  4.015710e+00   9.062527e-05   2.444826e-05
  4.018600e+00   6.926250e-05   2.454187e-05
  4.021500e+00   5.185993e-05   2.460944e-05
  4.024390e+00   8.565023e-05   2.457578e-05
  4.027280e+00   5.823758e-05   2.461397e-05
  4.030180e+00   5.952504e-05   2.472504e-05
  4.033070e+00   2.490117e-05   2.482344e-05
  4.035960e+00   8.662898e-05   2.480639e-05
  4.038860e+00   1.186160e-05   2.490428e-05
  4.041750e+00   6.311612e-05   2.495480e-05
  4.044640e+00   5.356355e-05   2.514513e-05
  4.047530e+00   9.398587e-05   2.568030e-05
  4.050430e+00   6.504992e-05   2.589742e-05
  4.053320e+00   3.462151e-05   2.623077e-05
  4.056210e+00   9.820662e-05   2.653176e-05
  4.059110e+00   1.057258e-04   2.658069e-05
  4.062000e+00   7.814371e-05   2.693401e-05
  4.064890e+00   7.810663e-05   2.702147e-05
  4.067790e+00   5.992602e-06   2.740701e-05
  4.070680e+00   2.558395e-05   2.778700e-05
  4.073570e+00   2.232287e-06   2.815996e-05
  4.076470e+00  -1.374768e-06   2.846675e-05
  4.079360e+00   4.918151e-05   2.851286e-05
  4.082250e+00   1.916241e-05   2.876139e-05
  4.085150e+00   2.106081e-07   2.893244e-05
  4.088040e+00   3.770254e-05   2.914532e-05
  4.090930e+00   2.603104e-05   2.951135e-05
  4.093830e+00   6.176142e-05   2.963465e-05
  4.096720e+00   4.981646e-05   3.003341e-05
  4.099610e+00   1.252072e-04   3.064257e-05
  4.102500e+00   6.937479e-05   3.091129e-05
  4.105400e+00   4.597114e-05   3.152648e-05
  4.108290e+00   1.115673e-04   3.141115e-05
  4.111180e+00   2.717702e-05   3.157063e-05
  4.114080e+00   1.148046e-04   3.160772e-05
  4.116970e+00   7.092402e-05   3.184860e-05
  4.119860e+00   9.886530e-05   3.186601e-05
  4.122760e+00   8.581960e-05   3.219146e-05
  4.125650e+00   6.100916e-05   3.247391e-05
  4.128540e+00   9.434751e-05   3.275728e-05
  4.131440e+00   5.326495e-05   3.288226e-05
  4.134330e+00   7.279089e-05   3.306694e-05
  4.137220e+00   3.519569e-05   3.331435e-05
  4.140120e+00   5.905222e-05   3.370670e-05
  4.143010e+00   1.358724e-05   3.371787e-05
  4.145900e+00   1.975498e-06   3.365984e-05
  4.148800e+00   3.292955e-05   3.406450e-05
  4.151690e+00   7.671228e-05   3.426936e-05
  4.154580e+00   9.110478e-05   3.467489e-05
  4.157470e+00   2.417717e-05   3.458854e-05
  4.160370e+00   6.985069e-05   3.489814e-05
  4.163260e+00   3.241835e-05   3.471075e-05
  4.166150e+00   4.907670e-05   3.495655e-05
  4.169050e+00   1.009073e-04   3.492170e-05
  4.171940e+00   7.622964e-05   3.510426e-05
  4.174830e+00   9.448631e-05   3.516094e-05
  4.177730e+00   4.482637e-05   3.525066e-05
  4.180620e+00   7.525806e-05   3.514851e-05
  4.183510e+00   9.265222e-05   3.532659e-05
  4.186410e+00   6.844672e-05   3.533239e-05
  4.189300e+00   8.954233e-05   3.580690e-05
  4.192190e+00   3.432590e-05   3.545141e-05
  4.195090e+00   8.668899e-05   3.552652e-05
  4.197980e+00   1.564724e-04   3.578167e-05
  4.200870e+00   7.628951e-05   3.569843e-05
  4.203770e+00   9.531033e-05   3.604817e-05
  4.206660e+00   5.096920e-05   3.583238e-05
  4.209550e+00   9.363300e-05   3.618176e-05
  4.212440e+00   7.624838e-05   3.603770e-05
  4.215340e+00   7.919790e-05   3.608829e-05
  4.218230e+00  -3.148032e-05   3.621956e-05
  4.221120e+00   1.405559e-05   3.625080e-05
  4.224020e+00   4.288547e-05   3.661336e-05
  4.226910e+00   5.092280e-05   3.647519e-05
  4.229800e+00   7.403772e-05   3.644633e-05
  4.232700e+00   4.586791e-05   3.652854e-05
  4.235590e+00   1.038268e-05   3.665678e-05
  4.238480e+00  -7.146037e-07   3.693281e-05
  4.241380e+00   7.210680e-05   3.677495e-05
  4.244270e+00   1.149918e-04   3.705838e-05
  4.247160e+00   5.845283e-05   3.691960e-05
  4.250060e+00   6.600379e-05   3.700113e-05
  4.252950e+00   1.043331e-04   3.721794e-05
  4.255840e+00   6.905738e-05   3.710260e-05
  4.258740e+00   6.073734e-05   3.739613e-05
  4.261630e+00   6.253814e-05   3.723324e-05
  4.264520e+00   9.488074e-05   3.726876e-05
  4.267410e+00   7.878898e-05   3.751283e-05
  4.270310e+00   9.518398e-05   3.733652e-05
  4.273200e+00   1.256538e-04   3.765002e-05
  4.276090e+00   4.184001e-05   3.751330e-05
  4.278990e+00   5.276456e-05   3.764509e-05
  4.281880e+00   5.386607e-05   3.767898e-05
  4.284770e+00   3.698737e-05   3.750458e-05
  4.287670e+00   1.526799e-05   3.772886e-05
  4.290560e+00   1.096586e-04   3.788236e-05
  4.293450e+00   2.559665e-05   3.807258e-05
  4.296350e+00   3.614912e-05   3.795998e-05
  4.299240e+00   5.764320e-05   3.787719e-05
  4.302130e+00   2.001734e-05   3.815852e-05
  4.305030e+00   2.116247e-06   3.821534e-05
  4.307920e+00   8.974899e-05   3.842061e-05
  4.310810e+00   2.411698e-05   3.833942e-05
  4.313710e+00  -1.142943e-05   3.836521e-05
  4.316600e+00  -7.737143e-06   3.846283e-05
  4.319490e+00   9.302138e-05   3.866801e-05
  4.322390e+00  -2.292475e-05   3.856700e-05
  4.325280e+00   1.230412e-05   3.875391e-05
  4.328170e+00   1.173079e-04   3.904289e-05
  4.331060e+00   4.737466e-05   3.886169e-05
  4.333960e+00   7.190360e-05   3.882320e-05
  4.336850e+00   1.219124e-04   3.902210e-05
  4.339740e+00   9.510478e-05   3.886675e-05
  4.342640e+00   8.446553e-05   3.921459e-05
  4.345530e+00   7.178327e-05   3.896806e-05
  4.348420e+00   2.465362e-05   3.887374e-05
  4.351320e+00   6.018250e-05   3.898338e-05
  4.354210e+00   2.578647e-05   3.889009e-05
  4.357100e+00   5.036228e-05   3.936851e-05
  4.360000e+00   9.399891e-05   3.906196e-05
  4.362890e+00   2.469329e-05   3.944698e-05
  4.365780e+00   4.383968e-05   3.931574e-05
  4.368680e+00   1.358090e-04   3.921947e-05
  4.371570e+00   5.400197e-06   3.956816e-05
  4.374460e+00  -3.301537e-05   3.941094e-05
  4.377360e+00   7.695894e-06   3.980631e-05
  4.380250e+00   9.397234e-05   3.982492e-05
  4.383140e+00   6.205411e-05   4.042648e-05
  4.386030e+00   5.803206e-05   4.089893e-05
  4.388930e+00   5.517770e-05   4.127799e-05
  4.391820e+00   4.549098e-05   4.204142e-05
  4.394710e+00   8.164271e-05   4.242397e-05
  4.397610e+00   2.054141e-05   4.274026e-05
  4.400500e+00   1.988376e-05   4.321832e-05
  4.403390e+00   4.459139e-05   4.365303e-05
  4.406290e+00   8.960733e-05   4.378637e-05
  4.409180e+00   5.067126e-05   4.419252e-05
  4.412070e+00   6.125983e-05   4.500213e-05
  4.414970e+00  -7.819138e-05   4.504944e-05
  4.417860e+00   2.201907e-05   4.587490e-05
  4.420750e+00   9.683438e-05   4.786216e-05
  4.423650e+00   7.126493e-05   4.916150e-05
  4.426540e+00   7.551293e-05   5.066264e-05
  4.429430e+00   6.898678e-05   5.134234e-05
  4.432330e+00   9.559301e-05   5.582549e-05
  4.435220e+00   1.590487e-04   5.879815e-05
  4.438110e+00  -7.137567e-05   6.102866e-05
  4.441000e+00  -2.945327e-05   6.338294e-05
  4.443900e+00   2.042121e-05   6.604746e-05
  4.446790e+00   4.714494e-05   7.083065e-05
  4.449680e+00  -3.552264e-06   7.525988e-05
  4.452580e+00   1.802552e-04   8.103105e-05
  4.455470e+00   1.160412e-04   8.796170e-05
  4.458360e+00   1.718504e-04   9.336654e-05
  4.461260e+00   1.049254e-04   1.050092e-04
  4.464150e+00  -1.023435e-04   1.287878e-04
  4.467040e+00  -3.549558e-05   1.565985e-04
  4.469940e+00   5.515981e-05   2.499904e-04
