# DATA=SAXS PRIOR=GAUSS
  1.186200e-01   1.063169e-02   1.282218e-04
  1.215130e-01   1.078937e-02   1.254442e-04
  1.244060e-01   1.117095e-02   1.230916e-04
  1.272990e-01   1.093353e-02   1.196554e-04
  1.301920e-01   1.106870e-02   1.176365e-04
  1.330850e-01   1.083679e-02   1.159160e-04
  1.359790e-01   1.069891e-02   1.133993e-04
  1.388720e-01   1.055752e-02   1.111628e-04
  1.417650e-01   1.077429e-02   1.095978e-04
  1.446580e-01   1.074887e-02   1.083922e-04
  1.475510e-01   1.089051e-02   1.074767e-04
  1.504440e-01   1.074902e-02   1.062612e-04
  1.533380e-01   1.062975e-02   1.047436e-04
  1.562310e-01   1.080158e-02   1.037533e-04
  1.591240e-01   1.087252e-02   1.028151e-04
  1.620170e-01   1.066559e-02   1.002722e-04
  1.649100e-01   1.070209e-02   9.921880e-05
  1.678030e-01   1.081947e-02   9.786892e-05
  1.706970e-01   1.057576e-02   9.730678e-05
  1.735900e-01   1.052461e-02   9.545445e-05
  1.764830e-01   1.050275e-02   9.466410e-05
  1.793760e-01   1.058802e-02   9.385099e-05
  1.822690e-01   1.052375e-02   9.215854e-05
  1.851620e-01   1.067915e-02   9.196440e-05
  1.880560e-01   1.045689e-02   8.981339e-05
  1.909490e-01   1.048718e-02   9.048964e-05
  1.938420e-01   1.039498e-02   8.877103e-05
  1.967350e-01   1.041830e-02   8.805295e-05
  1.996280e-01   1.045410e-02   8.662582e-05
  2.025210e-01   1.033578e-02   8.576676e-05
  2.054150e-01   1.021670e-02   8.572793e-05
  2.083080e-01   1.031976e-02   8.508408e-05
  2.112010e-01   1.021654e-02   8.305040e-05
  2.140940e-01   1.022836e-02   8.340507e-05
  2.169870e-01   1.013857e-02   8.225328e-05
  2.198800e-01   1.004432e-02   8.189632e-05
  2.227740e-01   1.021660e-02   8.368868e-05
  2.256670e-01   1.009728e-02   8.296084e-05
  2.285600e-01   1.011964e-02   8.378763e-05
  2.314530e-01   9.990706e-03   8.338953e-05
  2.343460e-01   9.912479e-03   8.397922e-05
  2.372390e-01   9.831583e-03   8.333153e-05
  2.401330e-01   9.868839e-03   8.365714e-05
  2.430260e-01   9.738078e-03   8.310739e-05
  2.459190e-01   9.894117e-03   8.230361e-05
  2.488120e-01   9.779206e-03   8.266547e-05
  2.517050e-01   9.613993e-03   8.275501e-05
  2.545980e-01   9.565257e-03   8.209908e-05
  2.574910e-01   9.564044e-03   8.194608e-05
  2.603850e-01   9.571868e-03   8.144820e-05
  2.632780e-01   9.690270e-03   8.154462e-05
  2.661710e-01   9.491252e-03   8.109938e-05
  2.690640e-01   9.415369e-03   8.100995e-05
  2.719570e-01   9.454071e-03   8.038611e-05
  2.748500e-01   9.394230e-03   8.077617e-05
  2.777440e-01   9.243727e-03   8.089276e-05
  2.806370e-01   9.326979e-03   7.930173e-05
  2.835300e-01   9.272581e-03   7.968845e-05
  2.864230e-01   9.262465e-03   7.938347e-05
  2.893160e-01   8.983070e-03   7.926194e-05
  2.922090e-01   9.156085e-03   7.693049e-05
  2.951030e-01   9.049559e-03   7.544907e-05
  2.979960e-01   9.159238e-03   7.464941e-05
  3.008890e-01   9.102578e-03   7.358182e-05
  3.037820e-01   8.936280e-03   7.317839e-05
  3.066750e-01   9.027017e-03   7.245516e-05
  3.095680e-01   8.829779e-03   7.214370e-05
  3.124620e-01   8.797437e-03   7.112816e-05
  3.153550e-01   8.843689e-03   7.029191e-05
  3.182480e-01   8.778501e-03   6.985540e-05
  3.211410e-01   8.770675e-03   6.971320e-05
  3.240340e-01   8.604330e-03   7.027352e-05
  3.269270e-01   8.456311e-03   7.040947e-05
  3.298210e-01   8.511490e-03   7.052782e-05
  3.327140e-01   8.351854e-03   7.061417e-05
  3.356070e-01   8.456380e-03   7.046510e-05
  3.385000e-01   8.344634e-03   7.096745e-05
  3.413930e-01   8.335592e-03   7.087743e-05
  3.442860e-01   8.279230e-03   7.112310e-05
  3.471800e-01   8.222496e-03   7.001544e-05
  3.500730e-01   8.198035e-03   7.024545e-05
  3.529660e-01   8.105929e-03   7.005002e-05
  3.558590e-01   8.083767e-03   7.032394e-05
  3.587520e-01   8.016251e-03   7.040333e-05
  3.616450e-01   7.873037e-03   6.980776e-05
  3.645380e-01   7.966622e-03   6.915327e-05
  3.674320e-01   7.922215e-03   6.972928e-05
  3.703250e-01   7.775925e-03   6.877909e-05
  3.732180e-01   7.817809e-03   6.965671e-05
  3.761110e-01   7.704057e-03   6.852559e-05
  3.790040e-01   7.710765e-03   6.914476e-05
  3.818970e-01   7.692245e-03   6.872509e-05
  3.847910e-01   7.628171e-03   6.805946e-05
  3.876840e-01   7.616295e-03   6.822618e-05
  3.905770e-01   7.481496e-03   6.798439e-05
  3.934700e-01   7.555842e-03   6.772436e-05
  3.963630e-01   7.360299e-03   6.577425e-05
  3.992560e-01   7.420354e-03   6.478594e-05
  4.021500e-01   7.456992e-03   6.444728e-05
  4.050430e-01   7.356933e-03   6.395324e-05
  4.079360e-01   7.200533e-03   6.312114e-05
  4.108290e-01   7.157403e-03   6.330684e-05
  4.137220e-01   7.192937e-03   6.222859e-05
  4.166150e-01   7.215038e-03   6.218987e-05
  4.195090e-01   7.077474e-03   6.123150e-05
  4.224020e-01   7.059175e-03   6.128598e-05
  4.252950e-01   6.938673e-03   6.069157e-05
  4.281880e-01   7.007488e-03   6.073479e-05
  4.310810e-01   6.952433e-03   6.044768e-05
  4.339740e-01   6.832399e-03   5.931021e-05
  4.368680e-01   6.740031e-03   5.941944e-05
  4.397610e-01   6.811169e-03   5.906035e-05
  4.426540e-01   6.673361e-03   5.907862e-05
  4.455470e-01   6.619488e-03   5.859393e-05
  4.484400e-01   6.630458e-03   5.804905e-05
  4.513330e-01   6.602942e-03   5.886145e-05
  4.542270e-01   6.528140e-03   5.953798e-05
  4.571200e-01   6.504721e-03   5.922359e-05
  4.600130e-01   6.362662e-03   5.973925e-05
  4.629060e-01   6.375065e-03   5.993996e-05
  4.657990e-01   6.293886e-03   5.969789e-05
  4.686920e-01   6.444808e-03   5.996001e-05
  4.715860e-01   6.351099e-03   5.954336e-05
  4.744790e-01   6.312362e-03   5.948791e-05
  4.773720e-01   6.139315e-03   5.946333e-05
  4.802650e-01   6.308000e-03   6.000828e-05
  4.831580e-01   6.142745e-03   5.952166e-05
  4.860510e-01   6.062975e-03   5.923864e-05
  4.889440e-01   6.050892e-03   5.933619e-05
  4.918380e-01   5.972549e-03   5.801320e-05
  4.947310e-01   5.975608e-03   5.731334e-05
  4.976240e-01   5.967560e-03   5.699153e-05
  5.005170e-01   5.841144e-03   5.626403e-05
  5.034100e-01   5.819275e-03   5.595231e-05
  5.063030e-01   5.736660e-03   5.512730e-05
  5.091970e-01   5.717757e-03   5.499472e-05
  5.120900e-01   5.689497e-03   5.446061e-05
  5.149830e-01   5.661523e-03   5.453568e-05
  5.178760e-01   5.614587e-03   5.403569e-05
  5.207690e-01   5.568391e-03   5.330639e-05
  5.236620e-01   5.568413e-03   5.301435e-05
  5.265560e-01   5.416993e-03   5.278288e-05
  5.294490e-01   5.334353e-03   5.267337e-05
  5.323420e-01   5.491616e-03   5.212015e-05
  5.352350e-01   5.422142e-03   5.187807e-05
  5.381280e-01   5.323310e-03   5.171333e-05
  5.410210e-01   5.361786e-03   5.142905e-05
  5.439150e-01   5.267654e-03   5.146368e-05
  5.468080e-01   5.324616e-03   5.124200e-05
  5.497010e-01   5.205034e-03   5.094734e-05
  5.525940e-01   5.179626e-03   5.096905e-05
  5.554870e-01   5.090299e-03   5.070593e-05
  5.583800e-01   5.093081e-03   5.060026e-05
  5.612740e-01   5.110683e-03   5.020783e-05
  5.641670e-01   4.929606e-03   5.016734e-05
  5.670600e-01   4.905518e-03   5.000401e-05
  5.699530e-01   4.936771e-03   4.980007e-05
  5.728460e-01   4.869842e-03   4.935290e-05
  5.757390e-01   4.877581e-03   4.937193e-05
  5.786330e-01   4.898983e-03   4.908688e-05
  5.815260e-01   4.751510e-03   4.905907e-05
  5.844190e-01   4.770707e-03   4.868551e-05
  5.873120e-01   4.771810e-03   4.838689e-05
  5.902050e-01   4.768289e-03   4.850102e-05
  5.930980e-01   4.721096e-03   4.832823e-05
  5.959920e-01   4.682216e-03   4.818879e-05
  5.988850e-01   4.531632e-03   4.817190e-05
  6.017780e-01   4.549004e-03   4.780575e-05
  6.046710e-01   4.505832e-03   4.794167e-05
  6.075640e-01   4.515355e-03   4.796271e-05
  6.104570e-01   4.450609e-03   4.764221e-05
  6.133500e-01   4.435357e-03   4.781769e-05
  6.162440e-01   4.435153e-03   4.760833e-05
  6.191370e-01   4.415658e-03   4.746063e-05
  6.220300e-01   4.403028e-03   4.720223e-05
  6.249230e-01   4.285603e-03   4.723649e-05
  6.278160e-01   4.287522e-03   4.730649e-05
  6.307090e-01   4.241011e-03   4.726691e-05
  6.336030e-01   4.258796e-03   4.688729e-05
  6.364960e-01   4.314532e-03   4.665397e-05
  6.393890e-01   4.117985e-03   4.643665e-05
  6.422820e-01   4.174199e-03   4.658474e-05
  6.451750e-01   4.121813e-03   4.629376e-05
  6.480680e-01   4.122289e-03   4.630394e-05
  6.509620e-01   4.108717e-03   4.598183e-05
  6.538550e-01   4.025975e-03   4.578740e-05
  6.567480e-01   4.000807e-03   4.581183e-05
  6.596410e-01   4.022808e-03   4.549445e-05
  6.625340e-01   3.972021e-03   4.569866e-05
  6.654270e-01   3.917899e-03   4.532704e-05
  6.683210e-01   3.889122e-03   4.531404e-05
  6.712140e-01   3.891084e-03   4.495853e-05
  6.741070e-01   3.890979e-03   4.498615e-05
  6.770000e-01   3.965219e-03   4.494713e-05
  6.798930e-01   3.827633e-03   4.484509e-05
  6.827860e-01   3.828398e-03   4.482826e-05
  6.856800e-01   3.792603e-03   4.450305e-05
  6.885730e-01   3.687101e-03   4.439456e-05
  6.914660e-01   3.731761e-03   4.429117e-05
  6.943590e-01   3.749456e-03   4.413594e-05
  6.972520e-01   3.658602e-03   4.406254e-05
  7.001450e-01   3.617940e-03   4.408958e-05
  7.030390e-01   3.580535e-03   4.361079e-05
  7.059320e-01   3.583123e-03   4.359433e-05
  7.088250e-01   3.512221e-03   4.336369e-05
  7.117180e-01   3.607414e-03   4.341166e-05
  7.146110e-01   3.526847e-03   4.336573e-05
  7.175040e-01   3.482996e-03   4.320134e-05
  7.203980e-01   3.507552e-03   4.287631e-05
  7.232910e-01   3.375411e-03   4.290419e-05
  7.261840e-01   3.416280e-03   4.276656e-05
  7.290770e-01   3.448045e-03   4.268192e-05
  7.319700e-01   3.399550e-03   4.275701e-05
  7.348630e-01   3.492794e-03   4.242449e-05
  7.377560e-01   3.369381e-03   4.234869e-05
  7.406500e-01   3.308214e-03   4.212187e-05
  7.435430e-01   3.301359e-03   4.221717e-05
  7.464360e-01   3.305849e-03   4.211260e-05
  7.493290e-01   3.197780e-03   4.203723e-05
  7.522220e-01   3.309995e-03   4.194893e-05
  7.551150e-01   3.234910e-03   4.154401e-05
  7.580090e-01   3.294617e-03   4.171668e-05
  7.609020e-01   3.169112e-03   4.148807e-05
  7.637950e-01   3.215318e-03   4.152649e-05
  7.666880e-01   3.191554e-03   4.150441e-05
  7.695810e-01   3.222635e-03   4.129542e-05
  7.724740e-01   3.132778e-03   4.126211e-05
  7.753680e-01   3.109909e-03   4.096059e-05
  7.782610e-01   3.085153e-03   4.091662e-05
  7.811540e-01   3.065434e-03   4.103593e-05
  7.840470e-01   3.085885e-03   4.088743e-05
  7.869400e-01   2.990147e-03   4.076525e-05
  7.898330e-01   3.030877e-03   4.049871e-05
  7.927270e-01   3.012685e-03   4.056877e-05
  7.956200e-01   2.973790e-03   4.040024e-05
  7.985130e-01   2.937126e-03   4.035664e-05
  8.014060e-01   2.970190e-03   4.043687e-05
  8.042990e-01   2.907541e-03   4.011994e-05
  8.071920e-01   2.948208e-03   4.007722e-05
  8.100860e-01   2.952641e-03   3.999467e-05
  8.129790e-01   2.904552e-03   3.995372e-05
  8.158720e-01   2.825758e-03   3.979317e-05
  8.187650e-01   2.799719e-03   3.985819e-05
  8.216580e-01   2.846364e-03   3.983491e-05
  8.245510e-01   2.804382e-03   3.945588e-05
  8.274450e-01   2.841148e-03   3.940100e-05
  8.303380e-01   2.782745e-03   3.930873e-05
  8.332310e-01   2.817670e-03   3.952277e-05
  8.361240e-01   2.794160e-03   3.985809e-05
  8.390170e-01   2.767164e-03   3.994011e-05
  8.419100e-01   2.650457e-03   4.001445e-05
  8.448040e-01   2.739617e-03   4.004757e-05
  8.476970e-01   2.656109e-03   4.025814e-05
  8.505900e-01   2.645149e-03   4.035156e-05
  8.534830e-01   2.704213e-03   4.021356e-05
  8.563760e-01   2.596179e-03   4.032904e-05
  8.592690e-01   2.641352e-03   4.022963e-05
  8.621620e-01   2.551324e-03   4.036818e-05
  8.650560e-01   2.676814e-03   4.034700e-05
  8.679490e-01   2.565005e-03   4.045267e-05
  8.708420e-01   2.603218e-03   4.045884e-05
  8.737350e-01   2.544616e-03   4.023321e-05
  8.766280e-01   2.535674e-03   4.047846e-05
  8.795210e-01   2.580037e-03   4.027488e-05
  8.824150e-01   2.558266e-03   4.048990e-05
  8.853080e-01   2.520610e-03   4.036873e-05
  8.882010e-01   2.492693e-03   4.045582e-05
  8.910940e-01   2.508122e-03   4.031288e-05
  8.939870e-01   2.501242e-03   4.021581e-05
  8.968800e-01   2.399739e-03   4.035671e-05
  8.997740e-01   2.380159e-03   4.029227e-05
  9.026670e-01   2.403061e-03   4.027009e-05
  9.055600e-01   2.469496e-03   3.977663e-05
  9.084530e-01   2.387630e-03   3.938902e-05
  9.113460e-01   2.307514e-03   3.919679e-05
  9.142390e-01   2.373590e-03   3.898659e-05
  9.171330e-01   2.400953e-03   3.876120e-05
  9.200260e-01   2.321510e-03   3.889121e-05
  9.229190e-01   2.322416e-03   3.851507e-05
  9.258120e-01   2.323837e-03   3.847137e-05
  9.287050e-01   2.318178e-03   3.836931e-05
  9.315980e-01   2.254004e-03   3.812082e-05
  9.344920e-01   2.280121e-03   3.828328e-05
  9.373850e-01   2.294040e-03   3.816212e-05
  9.402780e-01   2.265404e-03   3.851584e-05
  9.431710e-01   2.244623e-03   3.857859e-05
  9.460640e-01   2.255591e-03   3.874081e-05
  9.489570e-01   2.175877e-03   3.900832e-05
  9.518510e-01   2.301744e-03   3.921560e-05
  9.547440e-01   2.257650e-03   3.945769e-05
  9.576370e-01   2.231864e-03   3.952701e-05
  9.605300e-01   2.135217e-03   3.946431e-05
  9.634230e-01   2.202846e-03   3.990428e-05
  9.663160e-01   2.110167e-03   3.980554e-05
  9.692090e-01   2.145307e-03   3.993700e-05
  9.721030e-01   2.164591e-03   4.001963e-05
  9.749960e-01   2.105587e-03   3.994092e-05
  9.778890e-01   2.103972e-03   4.002689e-05
  9.807820e-01   2.175200e-03   4.012290e-05
  9.836750e-01   2.057646e-03   4.024449e-05
  9.865680e-01   2.181421e-03   4.013256e-05
  9.894620e-01   2.097650e-03   3.997814e-05
  9.923550e-01   2.040168e-03   3.976911e-05
  9.952480e-01   2.127030e-03   3.962037e-05
  9.981410e-01   2.082538e-03   3.967812e-05
  1.001030e+00   2.049982e-03   3.952594e-05
  1.003930e+00   1.995720e-03   3.937209e-05
  1.006820e+00   2.046350e-03   3.894066e-05
  1.009710e+00   2.049196e-03   3.851122e-05
  1.012610e+00   2.001113e-03   3.825315e-05
  1.015500e+00   2.060153e-03   3.814531e-05
  1.018390e+00   1.981631e-03   3.794608e-05
  1.021290e+00   1.946339e-03   3.777492e-05
  1.024180e+00   1.986107e-03   3.775013e-05
  1.027070e+00   1.996708e-03   3.749958e-05
  1.029970e+00   1.957993e-03   3.733541e-05
  1.032860e+00   1.955054e-03   3.729636e-05
  1.035750e+00   1.954869e-03   3.718929e-05
  1.038650e+00   1.900362e-03   3.713069e-05
  1.041540e+00   1.948423e-03   3.695109e-05
  1.044430e+00   1.925842e-03   3.679355e-05
  1.047320e+00   1.917332e-03   3.676041e-05
  1.050220e+00   1.832366e-03   3.651410e-05
  1.053110e+00   1.914139e-03   3.663836e-05
  1.056000e+00   1.877470e-03   3.644065e-05
  1.058900e+00   1.891905e-03   3.626546e-05
  1.061790e+00   1.852270e-03   3.625860e-05
  1.064680e+00   1.878241e-03   3.616006e-05
  1.067580e+00   1.884522e-03   3.600685e-05
  1.070470e+00   1.858198e-03   3.602838e-05
  1.073360e+00   1.816773e-03   3.590768e-05
  1.076260e+00   1.851381e-03   3.570175e-05
  1.079150e+00   1.775585e-03   3.577045e-05
  1.082040e+00   1.799675e-03   3.550147e-05
  1.084940e+00   1.838967e-03   3.550961e-05
  1.087830e+00   1.797030e-03   3.557307e-05
  1.090720e+00   1.779722e-03   3.526496e-05
  1.093620e+00   1.767588e-03   3.527303e-05
  1.096510e+00   1.700953e-03   3.526832e-05
  1.099400e+00   1.763989e-03   3.511291e-05
  1.102290e+00   1.752254e-03   3.510727e-05
  1.105190e+00   1.720908e-03   3.490436e-05
  1.108080e+00   1.731025e-03   3.499669e-05
  1.110970e+00   1.735859e-03   3.494549e-05
  1.113870e+00   1.710354e-03   3.482870e-05
  1.116760e+00   1.663637e-03   3.485329e-05
  1.119650e+00   1.763346e-03   3.466717e-05
  1.122550e+00   1.744623e-03   3.478246e-05
  1.125440e+00   1.646049e-03   3.457566e-05
  1.128330e+00   1.676029e-03   3.458964e-05
  1.131230e+00   1.668364e-03   3.453581e-05
  1.134120e+00   1.706937e-03   3.440087e-05
  1.137010e+00   1.653529e-03   3.440916e-05
  1.139910e+00   1.672846e-03   3.419646e-05
  1.142800e+00   1.640797e-03   3.415108e-05
  1.145690e+00   1.668585e-03   3.424389e-05
  1.148590e+00   1.612152e-03   3.408322e-05
  1.151480e+00   1.617236e-03   3.397576e-05
  1.154370e+00   1.651260e-03   3.398093e-05
  1.157270e+00   1.597424e-03   3.382979e-05
  1.160160e+00   1.654669e-03   3.397613e-05
  1.163050e+00   1.640697e-03   3.370092e-05
  1.165940e+00   1.581844e-03   3.377957e-05
  1.168840e+00   1.548975e-03   3.366699e-05
  1.171730e+00   1.577475e-03   3.357044e-05
  1.174620e+00   1.583453e-03   3.351614e-05
  1.177520e+00   1.525831e-03   3.344106e-05
  1.180410e+00   1.568596e-03   3.350206e-05
  1.183300e+00   1.618666e-03   3.343120e-05
  1.186200e+00   1.593759e-03   3.322844e-05
  1.189090e+00   1.568510e-03   3.332266e-05
  1.191980e+00   1.564145e-03   3.310216e-05
  1.194880e+00   1.532203e-03   3.321570e-05
  1.197770e+00   1.522543e-03   3.307829e-05
  1.200660e+00   1.537056e-03   3.299723e-05
  1.203560e+00   1.505695e-03   3.298871e-05
  1.206450e+00   1.540544e-03   3.282929e-05
  1.209340e+00   1.520880e-03   3.284282e-05
  1.212240e+00   1.488092e-03   3.277362e-05
  1.215130e+00   1.541263e-03   3.285175e-05
  1.218020e+00   1.475666e-03   3.279133e-05
  1.220910e+00   1.530935e-03   3.253789e-05
  1.223810e+00   1.487348e-03   3.255559e-05
  1.226700e+00   1.459026e-03   3.251800e-05
  1.229590e+00   1.457599e-03   3.253036e-05
  1.232490e+00   1.484556e-03   3.253801e-05
  1.235380e+00   1.445551e-03   3.224463e-05
  1.238270e+00   1.437236e-03   3.242425e-05
  1.241170e+00   1.475426e-03   3.226395e-05
  1.244060e+00   1.432697e-03   3.220188e-05
  1.246950e+00   1.396404e-03   3.223635e-05
  1.249850e+00   1.446027e-03   3.209100e-05
  1.252740e+00   1.403650e-03   3.220302e-05
  1.255630e+00   1.381139e-03   3.197756e-05
  1.258530e+00   1.435931e-03   3.188138e-05
  1.261420e+00   1.390768e-03   3.194992e-05
  1.264310e+00   1.391092e-03   3.182779e-05
  1.267210e+00   1.433949e-03   3.197359e-05
  1.270100e+00   1.374268e-03   3.162379e-05
  1.272990e+00   1.333104e-03   3.161740e-05
  1.275880e+00   1.359041e-03   3.169984e-05
  1.278780e+00   1.418454e-03   3.149559e-05
  1.281670e+00   1.357114e-03   3.155507e-05
  1.284560e+00   1.381651e-03   3.139999e-05
  1.287460e+00   1.308706e-03   3.139338e-05
  1.290350e+00   1.335059e-03   3.142249e-05
  1.293240e+00   1.357042e-03   3.120606e-05
  1.296140e+00   1.323806e-03   3.115493e-05
  1.299030e+00   1.355087e-03   3.123730e-05
  1.301920e+00   1.331786e-03   3.122501e-05
  1.304820e+00   1.327283e-03   3.114749e-05
  1.307710e+00   1.327252e-03   3.103799e-05
  1.310600e+00   1.334751e-03   3.105204e-05
  1.313500e+00   1.357447e-03   3.104928e-05
  1.316390e+00   1.305523e-03   3.092076e-05
  1.319280e+00   1.298367e-03   3.101259e-05
  1.322180e+00   1.288568e-03   3.090218e-05
  1.325070e+00   1.339509e-03   3.096594e-05
  1.327960e+00   1.328055e-03   3.090366e-05
  1.330850e+00   1.315528e-03   3.084910e-05
  1.333750e+00   1.340752e-03   3.082730e-05
  1.336640e+00   1.313195e-03   3.080581e-05
  1.339530e+00   1.281126e-03   3.067551e-05
  1.342430e+00   1.319273e-03   3.073202e-05
  1.345320e+00   1.276092e-03   3.054498e-05
  1.348210e+00   1.249936e-03   3.054328e-05
  1.351110e+00   1.292872e-03   3.053123e-05
  1.354000e+00   1.276902e-03   3.048223e-05
  1.356890e+00   1.234925e-03   3.044811e-05
  1.359790e+00   1.216150e-03   3.036960e-05
  1.362680e+00   1.305529e-03   3.033686e-05
  1.365570e+00   1.283465e-03   3.028800e-05
  1.368470e+00   1.251047e-03   3.026111e-05
  1.371360e+00   1.247995e-03   3.018525e-05
  1.374250e+00   1.246456e-03   3.027279e-05
  1.377150e+00   1.260015e-03   3.007167e-05
  1.380040e+00   1.213120e-03   3.010446e-05
  1.382930e+00   1.229745e-03   3.002157e-05
  1.385820e+00   1.172749e-03   3.008557e-05
  1.388720e+00   1.201026e-03   2.998437e-05
  1.391610e+00   1.239437e-03   3.002604e-05
  1.394500e+00   1.258482e-03   3.004504e-05
  1.397400e+00   1.195377e-03   2.986494e-05
  1.400290e+00   1.177771e-03   2.992992e-05
  1.403180e+00   1.239217e-03   2.989493e-05
  1.406080e+00   1.158311e-03   2.983560e-05
  1.408970e+00   1.195290e-03   2.981421e-05
  1.411860e+00   1.199923e-03   2.975701e-05
  1.414760e+00   1.121432e-03   2.971266e-05
  1.417650e+00   1.203301e-03   2.971465e-05
  1.420540e+00   1.170809e-03   2.969645e-05
  1.423440e+00   1.190765e-03   2.963907e-05
  1.426330e+00   1.210841e-03   2.956058e-05
  1.429220e+00   1.185136e-03   2.960688e-05
  1.432120e+00   1.149864e-03   2.942464e-05
  1.435010e+00   1.171151e-03   2.952059e-05
  1.437900e+00   1.114425e-03   2.943331e-05
  1.440800e+00   1.179194e-03   2.937136e-05
  1.443690e+00   1.133576e-03   2.942741e-05
  1.446580e+00   1.147751e-03   2.931538e-05
  1.449470e+00   1.129973e-03   2.962624e-05
  1.452370e+00   1.105616e-03   2.973677e-05
  1.455260e+00   1.147516e-03   2.979584e-05
  1.458150e+00   1.176991e-03   2.984250e-05
  1.461050e+00   1.153773e-03   2.983924e-05
  1.463940e+00   1.146253e-03   2.997882e-05
  1.466830e+00   1.140476e-03   2.990791e-05
  1.469730e+00   1.128884e-03   3.002176e-05
  1.472620e+00   1.120829e-03   3.004409e-05
  1.475510e+00   1.086094e-03   2.997623e-05
  1.478410e+00   1.142079e-03   3.012547e-05
  1.481300e+00   1.110584e-03   2.998420e-05
  1.484190e+00   1.106602e-03   3.013485e-05
  1.487090e+00   1.111852e-03   3.013876e-05
  1.489980e+00   1.152008e-03   3.012392e-05
  1.492870e+00   1.078329e-03   3.014907e-05
  1.495770e+00   1.029715e-03   3.006116e-05
  1.498660e+00   1.038077e-03   3.011513e-05
  1.501550e+00   1.071892e-03   3.016305e-05
  1.504440e+00   1.077277e-03   3.020165e-05
  1.507340e+00   1.082479e-03   3.019174e-05
  1.510230e+00   1.050165e-03   3.013417e-05
  1.513120e+00   1.016268e-03   3.009558e-05
  1.516020e+00   1.043274e-03   3.014244e-05
  1.518910e+00   1.038199e-03   2.985708e-05
  1.521800e+00   1.094459e-03   2.964994e-05
  1.524700e+00   1.024736e-03   2.953776e-05
  1.527590e+00   1.029719e-03   2.936980e-05
  1.530480e+00   1.029031e-03   2.925901e-05
  1.533380e+00   1.081721e-03   2.919374e-05
  1.536270e+00   1.046585e-03   2.920047e-05
  1.539160e+00   1.039907e-03   2.922387e-05
  1.542060e+00   1.040584e-03   2.899276e-05
  1.544950e+00   1.032133e-03   2.894204e-05
  1.547840e+00   9.770212e-04   2.883457e-05
  1.550740e+00   1.068740e-03   2.903302e-05
  1.553630e+00   1.026333e-03   2.919059e-05
  1.556520e+00   1.034425e-03   2.924301e-05
  1.559410e+00   1.086055e-03   2.936116e-05
  1.562310e+00   9.961551e-04   2.932661e-05
  1.565200e+00   1.002617e-03   2.929862e-05
  1.568090e+00   1.046597e-03   2.945693e-05
  1.570990e+00   9.674803e-04   2.941514e-05
  1.573880e+00   1.034386e-03   2.940594e-05
  1.576770e+00   9.733639e-04   2.946499e-05
  1.579670e+00   9.954228e-04   2.941073e-05
  1.582560e+00   1.054007e-03   2.945279e-05
  1.585450e+00   9.881865e-04   2.941275e-05
  1.588350e+00   9.835532e-04   2.958414e-05
  1.591240e+00   1.025210e-03   2.951246e-05
  1.594130e+00   9.450871e-04   2.956700e-05
  1.597030e+00   1.027032e-03   2.951749e-05
  1.599920e+00   9.620925e-04   2.946255e-05
  1.602810e+00   9.490039e-04   2.954560e-05
  1.605710e+00   9.610780e-04   2.956658e-05
  1.608600e+00   1.016445e-03   2.956479e-05
  1.611490e+00   9.469278e-04   2.956787e-05
  1.614380e+00   1.011896e-03   2.945107e-05
  1.617280e+00   9.720353e-04   2.944610e-05
  1.620170e+00   1.007069e-03   2.932724e-05
  1.623060e+00   9.782426e-04   2.907171e-05
  1.625960e+00   1.001441e-03   2.904612e-05
  1.628850e+00   9.421769e-04   2.869838e-05
  1.631740e+00   9.435194e-04   2.867149e-05
  1.634640e+00   9.574777e-04   2.861897e-05
  1.637530e+00   9.408313e-04   2.851690e-05
  1.640420e+00   9.620982e-04   2.849434e-05
  1.643320e+00   9.138069e-04   2.837638e-05
  1.646210e+00   9.881774e-04   2.838097e-05
  1.649100e+00   9.653572e-04   2.825650e-05
  1.652000e+00   9.065358e-04   2.821754e-05
  1.654890e+00   8.716886e-04   2.814469e-05
  1.657780e+00   9.306954e-04   2.823236e-05
  1.660680e+00   9.288829e-04   2.810852e-05
  1.663570e+00   9.092921e-04   2.799158e-05
  1.666460e+00   9.169304e-04   2.794267e-05
  1.669350e+00   9.026273e-04   2.788785e-05
  1.672250e+00   8.995510e-04   2.786250e-05
  1.675140e+00   8.998625e-04   2.788663e-05
  1.678030e+00   9.427845e-04   2.780877e-05
  1.680930e+00   9.411664e-04   2.773822e-05
  1.683820e+00   9.201510e-04   2.771480e-05
  1.686710e+00   8.842310e-04   2.774280e-05
  1.689610e+00   8.928549e-04   2.764575e-05
  1.692500e+00   8.620158e-04   2.761893e-05
  1.695390e+00   8.797136e-04   2.768007e-05
  1.698290e+00   8.771217e-04   2.758218e-05
  1.701180e+00   9.342393e-04   2.747511e-05
  1.704070e+00   9.332842e-04   2.750856e-05
  1.706970e+00   8.771196e-04   2.745857e-05
  1.709860e+00   9.149997e-04   2.745645e-05
  1.712750e+00   8.960283e-04   2.743554e-05
  1.715650e+00   8.680722e-04   2.732160e-05
  1.718540e+00   8.421818e-04   2.728865e-05
  1.721430e+00   8.356869e-04   2.723970e-05
  1.724320e+00   8.604461e-04   2.724788e-05
  1.727220e+00   9.098073e-04   2.723176e-05
  1.730110e+00   8.673669e-04   2.716974e-05
  1.733000e+00   8.444400e-04   2.711223e-05
  1.735900e+00   8.628323e-04   2.703611e-05
  1.738790e+00   8.217616e-04   2.702916e-05
  1.741680e+00   8.794453e-04   2.705502e-05
  1.744580e+00   8.431844e-04   2.699465e-05
  1.747470e+00   8.257522e-04   2.692451e-05
  1.750360e+00   8.516616e-04   2.683553e-05
  1.753260e+00   8.786218e-04   2.678343e-05
  1.756150e+00   8.074801e-04   2.678311e-05
  1.759040e+00   8.371627e-04   2.678917e-05
  1.761940e+00   8.485210e-04   2.666684e-05
  1.764830e+00   8.314555e-04   2.675463e-05
  1.767720e+00   9.268643e-04   2.663408e-05
  1.770620e+00   8.171688e-04   2.665425e-05
  1.773510e+00   8.121932e-04   2.657662e-05
  1.776400e+00   8.573591e-04   2.658642e-05
  1.779300e+00   8.239611e-04   2.658195e-05
  1.782190e+00   8.273938e-04   2.648751e-05
  1.785080e+00   7.970827e-04   2.644792e-05
  1.787970e+00   8.751462e-04   2.642836e-05
  1.790870e+00   8.302694e-04   2.640975e-05
  1.793760e+00   8.264722e-04   2.644167e-05
  1.796650e+00   7.683782e-04   2.636269e-05
  1.799550e+00   8.354579e-04   2.635687e-05
  1.802440e+00   7.907011e-04   2.637335e-05
  1.805330e+00   8.145798e-04   2.627356e-05
  1.808230e+00   8.353228e-04   2.638114e-05
  1.811120e+00   7.958634e-04   2.625827e-05
  1.814010e+00   8.353801e-04   2.624390e-05
  1.816910e+00   8.192079e-04   2.618500e-05
  1.819800e+00   8.505923e-04   2.620414e-05
  1.822690e+00   8.113355e-04   2.607913e-05
  1.825590e+00   7.887424e-04   2.612329e-05
  1.828480e+00   8.109933e-04   2.610167e-05
  1.831370e+00   8.194609e-04   2.598363e-05
  1.834270e+00   7.717969e-04   2.599190e-05
  1.837160e+00   7.981036e-04   2.590403e-05
  1.840050e+00   7.866209e-04   2.596060e-05
  1.842940e+00   8.106124e-04   2.589575e-05
  1.845840e+00   8.078810e-04   2.592405e-05
  1.848730e+00   8.202599e-04   2.583725e-05
  1.851620e+00   8.096721e-04   2.579064e-05
  1.854520e+00   8.224624e-04   2.581863e-05
  1.857410e+00   8.102963e-04   2.576768e-05
  1.860300e+00   8.014142e-04   2.576801e-05
  1.863200e+00   7.451422e-04   2.576048e-05
  1.866090e+00   7.767796e-04   2.566166e-05
  1.868980e+00   7.897501e-04   2.563934e-05
  1.871880e+00   7.437370e-04   2.564324e-05
  1.874770e+00   7.657143e-04   2.559529e-05
  1.877660e+00   7.844893e-04   2.562220e-05
  1.880560e+00   8.096527e-04   2.561363e-05
  1.883450e+00   7.800106e-04   2.577097e-05
  1.886340e+00   7.565693e-04   2.583474e-05
  1.889240e+00   7.537329e-04   2.592852e-05
  1.892130e+00   7.365937e-04   2.605800e-05
  1.895020e+00   7.638612e-04   2.612652e-05
  1.897910e+00   7.626928e-04   2.605528e-05
  1.900810e+00   7.497611e-04   2.611504e-05
  1.903700e+00   7.729844e-04   2.601124e-05
  1.906590e+00   7.616513e-04   2.604676e-05
  1.909490e+00   7.550924e-04   2.617612e-05
  1.912380e+00   7.362060e-04   2.611014e-05
  1.915270e+00   7.832502e-04   2.611118e-05
  1.918170e+00   7.366790e-04   2.611716e-05
  1.921060e+00   8.147149e-04   2.607321e-05
  1.923950e+00   7.354078e-04   2.587316e-05
  1.926850e+00   7.192614e-04   2.572509e-05
  1.929740e+00   7.506045e-04   2.578288e-05
  1.932630e+00   7.463560e-04   2.558938e-05
  1.935530e+00   7.285344e-04   2.547445e-05
  1.938420e+00   7.286293e-04   2.557050e-05
  1.941310e+00   7.715832e-04   2.550882e-05
  1.944210e+00   7.210931e-04   2.554728e-05
  1.947100e+00   7.250647e-04   2.543955e-05
  1.949990e+00   7.513989e-04   2.543253e-05
  1.952880e+00   7.281295e-04   2.543641e-05
  1.955780e+00   7.339476e-04   2.540048e-05
  1.958670e+00   7.495600e-04   2.532866e-05
  1.961560e+00   7.425334e-04   2.540802e-05
  1.964460e+00   7.762456e-04   2.530504e-05
  1.967350e+00   7.267531e-04   2.536065e-05
  1.970240e+00   7.182405e-04   2.524732e-05
  1.973140e+00   7.482126e-04   2.517699e-05
  1.976030e+00   7.250503e-04   2.518240e-05
  1.978920e+00   7.425128e-04   2.522868e-05
  1.981820e+00   6.928355e-04   2.518552e-05
  1.984710e+00   7.506635e-04   2.510081e-05
  1.987600e+00   7.447859e-04   2.505960e-05
  1.990500e+00   7.061499e-04   2.505581e-05
  1.993390e+00   7.250924e-04   2.500601e-05
  1.996280e+00   7.614105e-04   2.500923e-05
  1.999180e+00   7.132294e-04   2.502320e-05
  2.002070e+00   6.845098e-04   2.498172e-05
  2.004960e+00   7.082136e-04   2.492839e-05
  2.007850e+00   6.658568e-04   2.484603e-05
  2.010750e+00   7.378165e-04   2.486225e-05
  2.013640e+00   6.910300e-04   2.485906e-05
  2.016530e+00   6.885747e-04   2.492901e-05
  2.019430e+00   6.922998e-04   2.478390e-05
  2.022320e+00   6.880350e-04   2.472466e-05
  2.025210e+00   7.296847e-04   2.475862e-05
  2.028110e+00   7.017183e-04   2.474995e-05
  2.031000e+00   6.802965e-04   2.469453e-05
  2.033890e+00   6.724193e-04   2.468416e-05
  2.036790e+00   6.941476e-04   2.469329e-05
  2.039680e+00   6.961168e-04   2.460623e-05
  2.042570e+00   6.881303e-04   2.459327e-05
  2.045470e+00   6.829371e-04   2.456611e-05
  2.048360e+00   6.976140e-04   2.458944e-05
  2.051250e+00   6.792083e-04   2.452291e-05
  2.054150e+00   6.648199e-04   2.454350e-05
  2.057040e+00   7.065022e-04   2.447495e-05
  2.059930e+00   7.311644e-04   2.446077e-05
  2.062820e+00   6.756102e-04   2.464594e-05
  2.065720e+00   6.779872e-04   2.473849e-05
  2.068610e+00   7.035857e-04   2.477470e-05
  2.071500e+00   7.021273e-04   2.477559e-05
  2.074400e+00   6.898021e-04   2.484624e-05
  2.077290e+00   6.993815e-04   2.484833e-05
  2.080180e+00   6.287847e-04   2.480013e-05
  2.083080e+00   6.748694e-04   2.486890e-05
  2.085970e+00   6.901203e-04   2.492470e-05
  2.088860e+00   6.572562e-04   2.489653e-05
  2.091760e+00   6.897668e-04   2.493200e-05
  2.094650e+00   6.569511e-04   2.488434e-05
  2.097540e+00   6.564596e-04   2.500203e-05
  2.100440e+00   6.845548e-04   2.491426e-05
  2.103330e+00   6.749979e-04   2.503412e-05
  2.106220e+00   6.878538e-04   2.503550e-05
  2.109120e+00   6.679775e-04   2.494902e-05
  2.112010e+00   6.948108e-04   2.503952e-05
  2.114900e+00   6.592830e-04   2.497435e-05
  2.117800e+00   6.620884e-04   2.495127e-05
  2.120690e+00   6.640956e-04   2.501819e-05
  2.123580e+00   6.591500e-04   2.498714e-05
  2.126470e+00   7.001368e-04   2.498532e-05
  2.129370e+00   6.804353e-04   2.494447e-05
  2.132260e+00   6.393840e-04   2.478784e-05
  2.135150e+00   6.485432e-04   2.462813e-05
  2.138050e+00   6.734155e-04   2.455690e-05
  2.140940e+00   6.543069e-04   2.453579e-05
  2.143830e+00   6.293210e-04   2.443834e-05
  2.146730e+00   6.643537e-04   2.442616e-05
  2.149620e+00   6.284365e-04   2.435519e-05
  2.152510e+00   6.096606e-04   2.434831e-05
  2.155410e+00   6.249420e-04   2.431228e-05
  2.158300e+00   6.276053e-04   2.428066e-05
  2.161190e+00   6.336706e-04   2.422542e-05
  2.164090e+00   6.328235e-04   2.435928e-05
  2.166980e+00   6.035276e-04   2.443452e-05
  2.169870e+00   6.832468e-04   2.457698e-05
  2.172770e+00   6.852352e-04   2.453081e-05
  2.175660e+00   6.386422e-04   2.461566e-05
  2.178550e+00   6.112465e-04   2.465850e-05
  2.181440e+00   6.144997e-04   2.471943e-05
  2.184340e+00   5.964372e-04   2.469888e-05
  2.187230e+00   6.665421e-04   2.466154e-05
  2.190120e+00   6.408856e-04   2.477925e-05
  2.193020e+00   6.443344e-04   2.481492e-05
  2.195910e+00   6.042818e-04   2.475068e-05
  2.198800e+00   6.398442e-04   2.474383e-05
  2.201700e+00   6.088091e-04   2.477753e-05
  2.204590e+00   6.387143e-04   2.484347e-05
  2.207480e+00   6.186439e-04   2.484126e-05
  2.210380e+00   6.324670e-04   2.479300e-05
  2.213270e+00   6.468019e-04   2.485264e-05
  2.216160e+00   6.470155e-04   2.475720e-05
  2.219060e+00   5.976798e-04   2.484078e-05
  2.221950e+00   6.327841e-04   2.477735e-05
  2.224840e+00   6.197305e-04   2.475902e-05
  2.227740e+00   5.983602e-04   2.475022e-05
  2.230630e+00   6.170893e-04   2.476530e-05
  2.233520e+00   5.620746e-04   2.463565e-05
  2.236410e+00   6.239510e-04   2.447512e-05
  2.239310e+00   6.073524e-04   2.436880e-05
  2.242200e+00   5.919006e-04   2.433706e-05
  2.245090e+00   5.887922e-04   2.414318e-05
  2.247990e+00   5.932569e-04   2.420334e-05
  2.250880e+00   5.960456e-04   2.411145e-05
  2.253770e+00   6.053598e-04   2.407136e-05
  2.256670e+00   6.113320e-04   2.403179e-05
  2.259560e+00   6.284098e-04   2.395264e-05
  2.262450e+00   6.152693e-04   2.395361e-05
  2.265350e+00   6.280767e-04   2.391454e-05
  2.268240e+00   5.723796e-04   2.388116e-05
  2.271130e+00   6.190604e-04   2.381301e-05
  2.274030e+00   5.676462e-04   2.375913e-05
  2.276920e+00   6.167309e-04   2.372299e-05
  2.279810e+00   5.802736e-04   2.367602e-05
  2.282710e+00   6.036388e-04   2.371786e-05
  2.285600e+00   6.026718e-04   2.363562e-05
  2.288490e+00   5.643932e-04   2.360525e-05
  2.291380e+00   6.204248e-04   2.361030e-05
  2.294280e+00   5.868125e-04   2.357442e-05
  2.297170e+00   5.769275e-04   2.353004e-05
  2.300060e+00   5.440521e-04   2.356606e-05
  2.302960e+00   6.030489e-04   2.346947e-05
  2.305850e+00   5.128297e-04   2.346732e-05
  2.308740e+00   5.846607e-04   2.342237e-05
  2.311640e+00   6.244933e-04   2.344042e-05
  2.314530e+00   5.532472e-04   2.335744e-05
  2.317420e+00   5.453921e-04   2.331862e-05
  2.320320e+00   5.868210e-04   2.333977e-05
  2.323210e+00   5.135947e-04   2.333472e-05
  2.326100e+00   5.794528e-04   2.324896e-05
  2.329000e+00   5.972252e-04   2.325826e-05
  2.331890e+00   5.416026e-04   2.320554e-05
  2.334780e+00   5.820020e-04   2.324138e-05
  2.337680e+00   5.991034e-04   2.323368e-05
  2.340570e+00   5.991495e-04   2.318859e-05
  2.343460e+00   5.293678e-04   2.315354e-05
  2.346350e+00   5.648946e-04   2.315629e-05
  2.349250e+00   5.501194e-04   2.311733e-05
  2.352140e+00   5.440937e-04   2.312493e-05
  2.355030e+00   5.301619e-04   2.307108e-05
  2.357930e+00   5.713636e-04   2.307416e-05
  2.360820e+00   5.665765e-04   2.307265e-05
  2.363710e+00   5.671659e-04   2.296695e-05
  2.366610e+00   5.548500e-04   2.298385e-05
  2.369500e+00   5.768794e-04   2.295130e-05
  2.372390e+00   5.859716e-04   2.296371e-05
  2.375290e+00   5.193900e-04   2.289453e-05
  2.378180e+00   5.399317e-04   2.289133e-05
  2.381070e+00   5.801942e-04   2.297094e-05
  2.383970e+00   5.477836e-04   2.299084e-05
  2.386860e+00   5.256531e-04   2.295084e-05
  2.389750e+00   5.435527e-04   2.301367e-05
  2.392650e+00   5.406967e-04   2.291598e-05
  2.395540e+00   5.791805e-04   2.301769e-05
  2.398430e+00   5.751448e-04   2.301035e-05
  2.401330e+00   5.671233e-04   2.297701e-05
  2.404220e+00   5.131697e-04   2.295340e-05
  2.407110e+00   5.420851e-04   2.294001e-05
  2.410000e+00   5.458059e-04   2.300884e-05
  2.412900e+00   5.355865e-04   2.299875e-05
  2.415790e+00   5.237295e-04   2.299426e-05
  2.418680e+00   5.427371e-04   2.298828e-05
  2.421580e+00   5.861454e-04   2.295229e-05
  2.424470e+00   5.256845e-04   2.285832e-05
  2.427360e+00   5.630702e-04   2.292629e-05
  2.430260e+00   5.162584e-04   2.282504e-05
  2.433150e+00   5.346544e-04   2.288387e-05
  2.436040e+00   5.095055e-04   2.283355e-05
  2.438940e+00   5.450276e-04   2.279509e-05
  2.441830e+00   5.196333e-04   2.279957e-05
  2.444720e+00   5.062779e-04   2.281992e-05
  2.447620e+00   5.553299e-04   2.279905e-05
  2.450510e+00   5.137573e-04   2.273950e-05
  2.453400e+00   5.532930e-04   2.268105e-05
  2.456300e+00   5.270753e-04   2.268211e-05
  2.459190e+00   5.634973e-04   2.263780e-05
  2.462080e+00   5.170408e-04   2.264812e-05
  2.464970e+00   5.043484e-04   2.258031e-05
  2.467870e+00   5.619735e-04   2.253534e-05
  2.470760e+00   5.113083e-04   2.257361e-05
  2.473650e+00   5.521740e-04   2.248375e-05
  2.476550e+00   5.543748e-04   2.252000e-05
  2.479440e+00   5.780468e-04   2.244554e-05
  2.482330e+00   5.301911e-04   2.246270e-05
  2.485230e+00   5.350722e-04   2.245469e-05
  2.488120e+00   5.517183e-04   2.241403e-05
  2.491010e+00   5.352382e-04   2.234848e-05
  2.493910e+00   4.858323e-04   2.236921e-05
  2.496800e+00   4.914335e-04   2.238271e-05
  2.499690e+00   5.326048e-04   2.236981e-05
  2.502590e+00   5.206093e-04   2.229586e-05
  2.505480e+00   5.429347e-04   2.232841e-05
  2.508370e+00   5.542705e-04   2.227921e-05
  2.511270e+00   4.985321e-04   2.226441e-05
  2.514160e+00   5.069213e-04   2.227816e-05
  2.517050e+00   5.049652e-04   2.221439e-05
  2.519940e+00   5.213943e-04   2.223868e-05
  2.522840e+00   4.925597e-04   2.212831e-05
  2.525730e+00   5.033279e-04   2.211778e-05
  2.528620e+00   4.906385e-04   2.210745e-05
  2.531520e+00   5.156702e-04   2.212887e-05
  2.534410e+00   4.876874e-04   2.210011e-05
  2.537300e+00   5.002743e-04   2.202991e-05
  2.540200e+00   4.977288e-04   2.201843e-05
  2.543090e+00   5.061266e-04   2.198066e-05
  2.545980e+00   5.210617e-04   2.198528e-05
  2.548880e+00   5.368094e-04   2.198766e-05
  2.551770e+00   5.017560e-04   2.195446e-05
  2.554660e+00   5.305107e-04   2.194668e-05
  2.557560e+00   5.300025e-04   2.191208e-05
  2.560450e+00   5.004786e-04   2.184438e-05
  2.563340e+00   4.761712e-04   2.189213e-05
  2.566240e+00   5.373618e-04   2.186876e-05
  2.569130e+00   4.889841e-04   2.186004e-05
  2.572020e+00   4.876551e-04   2.183408e-05
  2.574910e+00   5.305559e-04   2.177972e-05
  2.577810e+00   5.152724e-04   2.177375e-05
  2.580700e+00   4.560507e-04   2.179640e-05
  2.583590e+00   4.900646e-04   2.174599e-05
  2.586490e+00   4.912037e-04   2.181328e-05
  2.589380e+00   5.193949e-04   2.171582e-05
  2.592270e+00   5.313612e-04   2.172980e-05
  2.595170e+00   5.330408e-04   2.171648e-05
  2.598060e+00   5.391914e-04   2.167780e-05
  2.600950e+00   5.250306e-04   2.171311e-05
  2.603850e+00   4.913552e-04   2.173198e-05
  2.606740e+00   4.782581e-04   2.160782e-05
  2.609630e+00   5.422628e-04   2.168524e-05
  2.612530e+00   5.177443e-04   2.161745e-05
  2.615420e+00   4.962163e-04   2.169326e-05
  2.618310e+00   4.974419e-04   2.164907e-05
  2.621210e+00   4.871605e-04   2.163214e-05
  2.624100e+00   4.701199e-04   2.159916e-05
  2.626990e+00   5.182642e-04   2.156222e-05
  2.629880e+00   5.143089e-04   2.160906e-05
  2.632780e+00   5.240816e-04   2.155772e-05
  2.635670e+00   4.969567e-04   2.154928e-05
  2.638560e+00   4.972506e-04   2.154851e-05
  2.641460e+00   4.847985e-04   2.148676e-05
  2.644350e+00   4.573534e-04   2.147152e-05
  2.647240e+00   5.047650e-04   2.148352e-05
  2.650140e+00   4.477195e-04   2.148119e-05
  2.653030e+00   4.749738e-04   2.148479e-05
  2.655920e+00   4.627865e-04   2.140859e-05
  2.658820e+00   4.335940e-04   2.141854e-05
  2.661710e+00   4.786727e-04   2.142284e-05
  2.664600e+00   4.433011e-04   2.133569e-05
  2.667500e+00   4.995673e-04   2.137886e-05
  2.670390e+00   4.599905e-04   2.134165e-05
  2.673280e+00   4.949626e-04   2.140472e-05
  2.676180e+00   4.729034e-04   2.148329e-05
  2.679070e+00   4.655871e-04   2.150414e-05
  2.681960e+00   4.999446e-04   2.160139e-05
  2.684850e+00   4.653254e-04   2.163427e-05
  2.687750e+00   4.794929e-04   2.168726e-05
  2.690640e+00   4.596832e-04   2.165975e-05
  2.693530e+00   4.528181e-04   2.169939e-05
  2.696430e+00   4.613933e-04   2.172462e-05
  2.699320e+00   4.802694e-04   2.172058e-05
  2.702210e+00   4.389511e-04   2.177060e-05
  2.705110e+00   4.763883e-04   2.175808e-05
  2.708000e+00   4.860536e-04   2.182537e-05
  2.710890e+00   4.733356e-04   2.177097e-05
  2.713790e+00   4.750260e-04   2.176506e-05
  2.716680e+00   4.904711e-04   2.182083e-05
  2.719570e+00   4.944072e-04   2.177235e-05
  2.722470e+00   4.280883e-04   2.183817e-05
  2.725360e+00   4.696570e-04   2.176721e-05
  2.728250e+00   4.654561e-04   2.178524e-05
  2.731150e+00   4.657407e-04   2.183881e-05
  2.734040e+00   4.812114e-04   2.181727e-05
  2.736930e+00   4.788619e-04   2.185891e-05
  2.739830e+00   4.758112e-04   2.184260e-05
  2.742720e+00   5.018495e-04   2.180589e-05
  2.745610e+00   4.976661e-04   2.172750e-05
  2.748500e+00   4.289561e-04   2.154852e-05
  2.751400e+00   4.568848e-04   2.154280e-05
  2.754290e+00   5.010753e-04   2.151817e-05
  2.757180e+00   4.537364e-04   2.146009e-05
  2.760080e+00   4.594061e-04   2.142523e-05
  2.762970e+00   4.449691e-04   2.135076e-05
  2.765860e+00   4.666737e-04   2.140367e-05
  2.768760e+00   4.314128e-04   2.133931e-05
  2.771650e+00   4.780045e-04   2.128621e-05
  2.774540e+00   4.503512e-04   2.129935e-05
  2.777440e+00   4.775064e-04   2.133313e-05
  2.780330e+00   4.886673e-04   2.144133e-05
  2.783220e+00   4.954068e-04   2.148820e-05
  2.786120e+00   4.730077e-04   2.151181e-05
  2.789010e+00   4.611672e-04   2.162505e-05
  2.791900e+00   4.644563e-04   2.159894e-05
  2.794800e+00   4.677482e-04   2.155555e-05
  2.797690e+00   4.025845e-04   2.157304e-05
  2.800580e+00   4.607177e-04   2.157164e-05
  2.803470e+00   4.674662e-04   2.164261e-05
  2.806370e+00   4.855261e-04   2.163403e-05
  2.809260e+00   4.465259e-04   2.152326e-05
  2.812150e+00   4.681539e-04   2.159177e-05
  2.815050e+00   4.355503e-04   2.154803e-05
  2.817940e+00   4.417027e-04   2.161402e-05
  2.820830e+00   4.313831e-04   2.154964e-05
  2.823730e+00   4.521932e-04   2.158294e-05
  2.826620e+00   4.544486e-04   2.164541e-05
  2.829510e+00   4.349159e-04   2.154185e-05
  2.832410e+00   4.720996e-04   2.161712e-05
  2.835300e+00   4.610412e-04   2.160273e-05
  2.838190e+00   4.881067e-04   2.165556e-05
  2.841090e+00   4.571927e-04   2.166414e-05
  2.843980e+00   4.561920e-04   2.156280e-05
  2.846870e+00   4.773553e-04   2.149400e-05
  2.849770e+00   4.701929e-04   2.142677e-05
  2.852660e+00   4.699485e-04   2.133469e-05
  2.855550e+00   4.312293e-04   2.132165e-05
  2.858440e+00   4.428623e-04   2.119730e-05
  2.861340e+00   4.182067e-04   2.122204e-05
  2.864230e+00   3.973660e-04   2.112218e-05
  2.867120e+00   4.538069e-04   2.109173e-05
  2.870020e+00   4.055817e-04   2.109316e-05
  2.872910e+00   4.975399e-04   2.104868e-05
  2.875800e+00   4.681625e-04   2.107206e-05
  2.878700e+00   4.375329e-04   2.095365e-05
  2.881590e+00   4.651403e-04   2.094674e-05
  2.884480e+00   4.581723e-04   2.093867e-05
  2.887380e+00   4.442482e-04   2.097939e-05
  2.890270e+00   4.389338e-04   2.092365e-05
  2.893160e+00   3.733101e-04   2.087477e-05
  2.896060e+00   4.355406e-04   2.085851e-05
  2.898950e+00   4.099989e-04   2.084553e-05
  2.901840e+00   4.837850e-04   2.083205e-05
  2.904740e+00   4.193516e-04   2.083266e-05
  2.907630e+00   4.291817e-04   2.084958e-05
  2.910520e+00   4.253748e-04   2.082896e-05
  2.913410e+00   4.625971e-04   2.076793e-05
  2.916310e+00   4.259158e-04   2.074896e-05
  2.919200e+00   4.693040e-04   2.075141e-05
  2.922090e+00   4.455469e-04   2.074273e-05
  2.924990e+00   4.160367e-04   2.076232e-05
  2.927880e+00   4.066615e-04   2.070078e-05
  2.930770e+00   4.595806e-04   2.066572e-05
  2.933670e+00   4.372448e-04   2.066071e-05
  2.936560e+00   4.548532e-04   2.068611e-05
  2.939450e+00   4.307638e-04   2.061521e-05
  2.942350e+00   4.400138e-04   2.068338e-05
  2.945240e+00   4.224572e-04   2.058636e-05
  2.948130e+00   4.587505e-04   2.057057e-05
  2.951030e+00   4.428365e-04   2.055428e-05
  2.953920e+00   3.904626e-04   2.053982e-05
  2.956810e+00   4.512189e-04   2.055954e-05
  2.959710e+00   4.058721e-04   2.047715e-05
  2.962600e+00   4.495516e-04   2.051045e-05
  2.965490e+00   4.484914e-04   2.046648e-05
  2.968380e+00   4.600050e-04   2.046568e-05
  2.971280e+00   4.453758e-04   2.047623e-05
  2.974170e+00   4.391881e-04   2.037797e-05
  2.977060e+00   4.165396e-04   2.046406e-05
  2.979960e+00   4.275561e-04   2.037521e-05
  2.982850e+00   3.992398e-04   2.036811e-05
  2.985740e+00   4.164967e-04   2.038523e-05
  2.988640e+00   4.276687e-04   2.028769e-05
  2.991530e+00   4.420498e-04   2.035800e-05
  2.994420e+00   4.327586e-04   2.032639e-05
  2.997320e+00   4.191487e-04   2.028454e-05
  3.000210e+00   4.297220e-04   2.030261e-05
  3.003100e+00   4.130093e-04   2.023670e-05
  3.006000e+00   4.001425e-04   2.029597e-05
  3.008890e+00   4.652968e-04   2.024590e-05
  3.011780e+00   4.172959e-04   2.022367e-05
  3.014680e+00   3.899911e-04   2.025215e-05
  3.017570e+00   4.175737e-04   2.018377e-05
  3.020460e+00   4.313131e-04   2.019060e-05
  3.023360e+00   4.191873e-04   2.017820e-05
  3.026250e+00   4.257704e-04   2.017869e-05
  3.029140e+00   3.785081e-04   2.015359e-05
  3.032030e+00   4.307531e-04   2.011342e-05
  3.034930e+00   4.316682e-04   2.010989e-05
  3.037820e+00   4.118838e-04   2.010553e-05
  3.040710e+00   4.146255e-04   2.006973e-05
  3.043610e+00   4.078551e-04   2.011148e-05
  3.046500e+00   4.677403e-04   2.004407e-05
  3.049390e+00   3.898155e-04   2.001392e-05
  3.052290e+00   4.237968e-04   2.003667e-05
  3.055180e+00   4.057651e-04   2.000570e-05
  3.058070e+00   4.093344e-04   2.003321e-05
  3.060970e+00   4.316567e-04   1.999827e-05
  3.063860e+00   4.476174e-04   1.997512e-05
  3.066750e+00   4.221817e-04   1.994337e-05
  3.069650e+00   3.982084e-04   1.996179e-05
  3.072540e+00   4.433823e-04   1.995471e-05
  3.075430e+00   3.917136e-04   1.991489e-05
  3.078330e+00   4.109104e-04   1.992155e-05
  3.081220e+00   4.017790e-04   1.989422e-05
  3.084110e+00   4.140305e-04   1.987578e-05
  3.087000e+00   3.931903e-04   1.987257e-05
  3.089900e+00   3.874696e-04   1.986170e-05
  3.092790e+00   4.060372e-04   1.984271e-05
  3.095680e+00   4.006393e-04   1.983376e-05
  3.098580e+00   4.206905e-04   1.981532e-05
  3.101470e+00   3.834246e-04   1.980976e-05
  3.104360e+00   3.743609e-04   1.975665e-05
  3.107260e+00   4.256642e-04   1.981565e-05
  3.110150e+00   3.988032e-04   1.975535e-05
  3.113040e+00   4.166623e-04   1.978063e-05
  3.115940e+00   3.884352e-04   1.970140e-05
  3.118830e+00   4.461503e-04   1.972459e-05
  3.121720e+00   4.308931e-04   1.972439e-05
  3.124620e+00   3.927701e-04   1.968981e-05
  3.127510e+00   3.974824e-04   1.969452e-05
  3.130400e+00   3.930344e-04   1.965302e-05
  3.133300e+00   4.100834e-04   1.964556e-05
  3.136190e+00   4.157562e-04   1.964711e-05
  3.139080e+00   4.035700e-04   1.963465e-05
  3.141970e+00   3.815573e-04   1.961122e-05
  3.144870e+00   3.721613e-04   1.961282e-05
  3.147760e+00   3.716932e-04   1.960809e-05
  3.150650e+00   3.855142e-04   1.955593e-05
  3.153550e+00   4.089685e-04   1.951533e-05
  3.156440e+00   4.060640e-04   1.957747e-05
  3.159330e+00   3.867973e-04   1.953988e-05
  3.162230e+00   3.583063e-04   1.948607e-05
  3.165120e+00   3.660895e-04   1.947956e-05
  3.168010e+00   3.834993e-04   1.947995e-05
  3.170910e+00   4.282148e-04   1.944167e-05
  3.173800e+00   3.964902e-04   1.947176e-05
  3.176690e+00   3.706333e-04   1.940723e-05
  3.179590e+00   3.512989e-04   1.940656e-05
  3.182480e+00   4.357030e-04   1.943478e-05
  3.185370e+00   3.904604e-04   1.933669e-05
  3.188270e+00   3.871781e-04   1.938583e-05
  3.191160e+00   3.634240e-04   1.935052e-05
  3.194050e+00   4.205222e-04   1.935229e-05
  3.196940e+00   3.523498e-04   1.939312e-05
  3.199840e+00   3.971173e-04   1.929688e-05
  3.202730e+00   3.645451e-04   1.934718e-05
  3.205620e+00   3.850205e-04   1.928865e-05
  3.208520e+00   4.025268e-04   1.930175e-05
  3.211410e+00   3.946471e-04   1.933469e-05
  3.214300e+00   3.727920e-04   1.928956e-05
  3.217200e+00   3.881379e-04   1.926686e-05
  3.220090e+00   4.028707e-04   1.923857e-05
  3.222980e+00   3.738227e-04   1.921592e-05
  3.225880e+00   3.824562e-04   1.927887e-05
  3.228770e+00   4.017997e-04   1.921359e-05
  3.231660e+00   3.900287e-04   1.923950e-05
  3.234560e+00   3.619018e-04   1.918046e-05
  3.237450e+00   4.167274e-04   1.914434e-05
  3.240340e+00   3.968097e-04   1.915722e-05
  3.243240e+00   3.527420e-04   1.912141e-05
  3.246130e+00   3.376153e-04   1.915180e-05
  3.249020e+00   3.855556e-04   1.912662e-05
  3.251910e+00   3.689745e-04   1.907661e-05
  3.254810e+00   4.299610e-04   1.910658e-05
  3.257700e+00   3.908799e-04   1.907059e-05
  3.260590e+00   3.596926e-04   1.907694e-05
  3.263490e+00   4.014239e-04   1.910303e-05
  3.266380e+00   4.071519e-04   1.906005e-05
  3.269270e+00   4.035223e-04   1.905420e-05
  3.272170e+00   3.748585e-04   1.905281e-05
  3.275060e+00   3.376893e-04   1.901684e-05
  3.277950e+00   3.725569e-04   1.903679e-05
  3.280850e+00   3.825841e-04   1.901275e-05
  3.283740e+00   3.768824e-04   1.899100e-05
  3.286630e+00   3.789127e-04   1.900166e-05
  3.289530e+00   3.768159e-04   1.907900e-05
  3.292420e+00   3.571630e-04   1.914860e-05
  3.295310e+00   3.873096e-04   1.920395e-05
  3.298210e+00   4.125786e-04   1.921499e-05
  3.301100e+00   3.815155e-04   1.939588e-05
  3.303990e+00   3.819100e-04   1.944639e-05
  3.306880e+00   3.830015e-04   1.949351e-05
  3.309780e+00   3.662431e-04   1.958997e-05
  3.312670e+00   3.760578e-04   1.958183e-05
  3.315560e+00   3.810141e-04   1.969380e-05
  3.318460e+00   3.817074e-04   1.965058e-05
  3.321350e+00   4.054202e-04   1.972208e-05
  3.324240e+00   3.442429e-04   1.967668e-05
  3.327140e+00   3.740908e-04   1.975385e-05
  3.330030e+00   3.494155e-04   1.980217e-05
  3.332920e+00   3.826545e-04   1.980690e-05
  3.335820e+00   3.654570e-04   1.989766e-05
  3.338710e+00   3.334245e-04   1.985900e-05
  3.341600e+00   3.559192e-04   1.993929e-05
  3.344500e+00   3.547936e-04   1.992736e-05
  3.347390e+00   3.803637e-04   2.002597e-05
  3.350280e+00   3.473315e-04   2.002637e-05
  3.353180e+00   3.345822e-04   2.007499e-05
  3.356070e+00   3.532710e-04   2.005036e-05
  3.358960e+00   3.665069e-04   1.995115e-05
  3.361860e+00   3.631053e-04   1.989604e-05
  3.364750e+00   3.773782e-04   1.983077e-05
  3.367640e+00   3.652630e-04   1.981429e-05
  3.370530e+00   3.871060e-04   1.982424e-05
  3.373430e+00   3.624545e-04   1.978852e-05
  3.376320e+00   3.835708e-04   1.979488e-05
  3.379210e+00   3.380200e-04   1.975283e-05
  3.382110e+00   3.853977e-04   1.971878e-05
  3.385000e+00   3.568021e-04   1.976093e-05
  3.387890e+00   3.711888e-04   1.974973e-05
  3.390790e+00   3.790103e-04   1.984841e-05
  3.393680e+00   3.761149e-04   1.991507e-05
  3.396570e+00   3.367093e-04   1.998421e-05
  3.399470e+00   3.741064e-04   2.002562e-05
  3.402360e+00   3.491179e-04   2.006819e-05
  3.405250e+00   3.594191e-04   2.009428e-05
  3.408150e+00   3.653930e-04   2.015336e-05
  3.411040e+00   3.447216e-04   2.012752e-05
  3.413930e+00   3.267545e-04   2.014872e-05
  3.416830e+00   3.648304e-04   2.020173e-05
  3.419720e+00   3.615215e-04   2.021273e-05
  3.422610e+00   3.874988e-04   2.024055e-05
  3.425500e+00   3.700965e-04   2.021421e-05
  3.428400e+00   3.883368e-04   2.026718e-05
  3.431290e+00   3.133937e-04   2.026325e-05
  3.434180e+00   3.462593e-04   2.026395e-05
  3.437080e+00   3.807091e-04   2.033130e-05
  3.439970e+00   3.242220e-04   2.030982e-05
  3.442860e+00   3.389749e-04   2.031547e-05
  3.445760e+00   3.788691e-04   2.036059e-05
  3.448650e+00   3.350415e-04   2.032719e-05
  3.451540e+00   3.594948e-04   2.035790e-05
  3.454440e+00   3.784575e-04   2.035701e-05
  3.457330e+00   3.482892e-04   2.041640e-05
  3.460220e+00   3.516766e-04   2.042749e-05
  3.463120e+00   3.667927e-04   2.042228e-05
  3.466010e+00   3.783076e-04   2.046655e-05
  3.468900e+00   3.614790e-04   2.047104e-05
  3.471800e+00   3.283027e-04   2.046716e-05
  3.474690e+00   3.737555e-04   2.050773e-05
  3.477580e+00   3.357764e-04   2.048963e-05
  3.480470e+00   3.281141e-04   2.055311e-05
  3.483370e+00   3.280903e-04   2.051848e-05
  3.486260e+00   3.753258e-04   2.053370e-05
  3.489150e+00   3.548241e-04   2.058677e-05
  3.492050e+00   3.305998e-04   2.060919e-05
  3.494940e+00   3.521497e-04   2.063030e-05
  3.497830e+00   3.619863e-04   2.063338e-05
  3.500730e+00   3.628940e-04   2.061587e-05
  3.503620e+00   3.469715e-04   2.069426e-05
  3.506510e+00   3.424041e-04   2.065527e-05
  3.509410e+00   2.988850e-04   2.068523e-05
  3.512300e+00   3.860155e-04   2.069711e-05
  3.515190e+00   3.520557e-04   2.069693e-05
  3.518090e+00   3.327984e-04   2.079511e-05
  3.520980e+00   3.530653e-04   2.072286e-05
  3.523870e+00   3.220956e-04   2.072922e-05
  3.526770e+00   3.503511e-04   2.073738e-05
  3.529660e+00   3.538089e-04   2.076769e-05
  3.532550e+00   3.553285e-04   2.075546e-05
  3.535440e+00   3.270123e-04   2.076888e-05
  3.538340e+00   3.834676e-04   2.077007e-05
  3.541230e+00   3.295294e-04   2.082698e-05
  3.544120e+00   3.478677e-04   2.080966e-05
  3.547020e+00   3.596794e-04   2.078674e-05
  3.549910e+00   3.393667e-04   2.084232e-05
  3.552800e+00   3.668854e-04   2.085376e-05
  3.555700e+00   3.772435e-04   2.086537e-05
  3.558590e+00   3.663026e-04   2.083692e-05
  3.561480e+00   3.413804e-04   2.088695e-05
  3.564380e+00   3.291560e-04   2.088968e-05
  3.567270e+00   3.526595e-04   2.094891e-05
  3.570160e+00   3.445099e-04   2.085240e-05
  3.573060e+00   3.381116e-04   2.088828e-05
  3.575950e+00   3.323757e-04   2.093438e-05
  3.578840e+00   3.032380e-04   2.095655e-05
  3.581740e+00   3.773467e-04   2.094288e-05
  3.584630e+00   3.896602e-04   2.088243e-05
  3.587520e+00   3.372167e-04   2.098090e-05
  3.590410e+00   3.458341e-04   2.093609e-05
  3.593310e+00   3.387120e-04   2.097775e-05
  3.596200e+00   3.281292e-04   2.094766e-05
  3.599090e+00   3.364160e-04   2.091230e-05
  3.601990e+00   3.715071e-04   2.100016e-05
  3.604880e+00   3.526413e-04   2.097230e-05
  3.607770e+00   3.457077e-04   2.095698e-05
  3.610670e+00   3.147209e-04   2.097883e-05
  3.613560e+00   3.542903e-04   2.101245e-05
  3.616450e+00   3.056371e-04   2.099318e-05
  3.619350e+00   3.497026e-04   2.095939e-05
  3.622240e+00   3.620299e-04   2.097682e-05
  3.625130e+00   3.102108e-04   2.099235e-05
  3.628030e+00   3.066611e-04   2.101730e-05
  3.630920e+00   3.661587e-04   2.101917e-05
  3.633810e+00   3.440668e-04   2.099257e-05
  3.636710e+00   2.901339e-04   2.102666e-05
  3.639600e+00   3.340429e-04   2.107650e-05
  3.642490e+00   3.106998e-04   2.107371e-05
  3.645380e+00   3.251807e-04   2.104331e-05
  3.648280e+00   3.295328e-04   2.110041e-05
  3.651170e+00   3.381477e-04   2.110001e-05
  3.654060e+00   3.160081e-04   2.108374e-05
  3.656960e+00   3.772295e-04   2.107649e-05
  3.659850e+00   3.436549e-04   2.110030e-05
  3.662740e+00   3.382925e-04   2.114391e-05
  3.665640e+00   3.718947e-04   2.107231e-05
  3.668530e+00   3.088339e-04   2.106793e-05
  3.671420e+00   3.433282e-04   2.109576e-05
  3.674320e+00   3.449077e-04   2.107084e-05
  3.677210e+00   3.347617e-04   2.116057e-05
  3.680100e+00   3.489994e-04   2.104720e-05
  3.683000e+00   3.120944e-04   2.114884e-05
  3.685890e+00   3.472474e-04   2.113188e-05
  3.688780e+00   3.576078e-04   2.108014e-05
  3.691680e+00   3.365904e-04   2.115985e-05
  3.694570e+00   3.332847e-04   2.111359e-05
  3.697460e+00   3.367453e-04   2.117381e-05
  3.700360e+00   3.686626e-04   2.120975e-05
  3.703250e+00   3.258436e-04   2.111637e-05
  3.706140e+00   3.434596e-04   2.114868e-05
  3.709030e+00   3.273903e-04   2.118573e-05
  3.711930e+00   3.117173e-04   2.119144e-05
  3.714820e+00   3.612755e-04   2.123637e-05
  3.717710e+00   3.010846e-04   2.120450e-05
  3.720610e+00   3.188135e-04   2.123299e-05
  3.723500e+00   3.160957e-04   2.119875e-05
  3.726390e+00   2.788318e-04   2.123262e-05
  3.729290e+00   3.192541e-04   2.130219e-05
  3.732180e+00   3.240304e-04   2.132172e-05
  3.735070e+00   3.270150e-04   2.125007e-05
  3.737970e+00   3.239571e-04   2.127228e-05
  3.740860e+00   2.877060e-04   2.127475e-05
  3.743750e+00   3.137058e-04   2.130730e-05
  3.746650e+00   3.171900e-04   2.132525e-05
  3.749540e+00   3.200065e-04   2.134273e-05
  3.752430e+00   3.455265e-04   2.127888e-05
  3.755330e+00   3.597574e-04   2.131692e-05
  3.758220e+00   3.275946e-04   2.133048e-05
  3.761110e+00   2.803008e-04   2.134094e-05
  3.764000e+00   3.024897e-04   2.132852e-05
  3.766900e+00   3.143227e-04   2.139406e-05
  3.769790e+00   2.920753e-04   2.135619e-05
  3.772680e+00   3.059453e-04   2.134444e-05
  3.775580e+00   3.124197e-04   2.138524e-05
  3.778470e+00   3.317921e-04   2.134505e-05
  3.781360e+00   3.406491e-04   2.145915e-05
  3.784260e+00   3.234590e-04   2.139526e-05
  3.787150e+00   3.573884e-04   2.139832e-05
  3.790040e+00   3.408819e-04   2.138456e-05
  3.792940e+00   3.267788e-04   2.139606e-05
  3.795830e+00   3.307212e-04   2.140059e-05
  3.798720e+00   2.946125e-04   2.144107e-05
  3.801620e+00   3.011041e-04   2.144010e-05
  3.804510e+00   3.150394e-04   2.140216e-05
  3.807400e+00   3.352137e-04   2.139280e-05
  3.810300e+00   2.981295e-04   2.147203e-05
  3.813190e+00   3.139241e-04   2.151630e-05
  3.816080e+00   3.220682e-04   2.165629e-05
  3.818970e+00   3.670210e-04   2.162946e-05
  3.821870e+00   3.482113e-04   2.163712e-05
  3.824760e+00   3.077012e-04   2.167938e-05
  3.827650e+00   3.441950e-04   2.175647e-05
  3.830550e+00   2.834909e-04   2.179473e-05
  3.833440e+00   2.976239e-04   2.180146e-05
  3.836330e+00   2.967901e-04   2.193870e-05
  3.839230e+00   3.008993e-04   2.188991e-05
  3.842120e+00   2.811767e-04   2.194795e-05
  3.845010e+00   3.329930e-04   2.201383e-05
  3.847910e+00   3.350496e-04   2.205483e-05
  3.850800e+00   3.074244e-04   2.209437e-05
  3.853690e+00   3.375175e-04   2.213229e-05
  3.856590e+00   3.194375e-04   2.216280e-05
  3.859480e+00   2.750112e-04   2.221523e-05
  3.862370e+00   3.326575e-04   2.222753e-05
  3.865270e+00   3.664903e-04   2.237569e-05
  3.868160e+00   3.065802e-04   2.230859e-05
  3.871050e+00   3.094273e-04   2.234568e-05
  3.873940e+00   3.000796e-04   2.243392e-05
  3.876840e+00   3.186708e-04   2.240567e-05
  3.879730e+00   3.540995e-04   2.246623e-05
  3.882620e+00   3.144667e-04   2.251555e-05
  3.885520e+00   2.954826e-04   2.250464e-05
  3.888410e+00   2.973910e-04   2.259363e-05
  3.891300e+00   2.867105e-04   2.253648e-05
  3.894200e+00   3.173478e-04   2.253975e-05
  3.897090e+00   2.933476e-04   2.264626e-05
  3.899980e+00   3.258536e-04   2.256679e-05
  3.902880e+00   3.142551e-04   2.295461e-05
  3.905770e+00   3.392048e-04   2.298095e-05
  3.908660e+00   2.663028e-04   2.308905e-05
  3.911560e+00   3.013877e-04   2.314939e-05
  3.914450e+00   3.158120e-04   2.331912e-05
  3.917340e+00   3.452713e-04   2.338849e-05
  3.920240e+00   2.796212e-04   2.343094e-05
  3.923130e+00   2.978492e-04   2.354669e-05
  3.926020e+00   3.109947e-04   2.360634e-05
  3.928910e+00   2.862815e-04   2.360741e-05
  3.931810e+00   3.126583e-04   2.369939e-05
  3.934700e+00   2.890856e-04   2.381154e-05
  3.937590e+00   3.186302e-04   2.380602e-05
  3.940490e+00   3.498068e-04   2.388228e-05
  3.943380e+00   3.168795e-04   2.394501e-05
  3.946270e+00   3.752067e-04   2.407387e-05
  3.949170e+00   3.152511e-04   2.406881e-05
  3.952060e+00   3.379373e-04   2.423597e-05
  3.954950e+00   3.206910e-04   2.413993e-05
  3.957850e+00   2.961305e-04   2.436166e-05
  3.960740e+00   2.772350e-04   2.427464e-05
  3.963630e+00   3.259182e-04   2.442575e-05
  3.966530e+00   2.803027e-04   2.441329e-05
  3.969420e+00   3.476970e-04   2.454577e-05
  3.972310e+00   3.167991e-04   2.460999e-05
  3.975210e+00   2.811019e-04   2.464663e-05
  3.978100e+00   3.225272e-04   2.466406e-05
  3.980990e+00   2.779166e-04   2.474746e-05
  3.983890e+00   2.941978e-04   2.477648e-05
  3.986780e+00   3.118920e-04   2.491600e-05
  3.989670e+00   2.772923e-04   2.495414e-05
  3.992560e+00   3.045912e-04   2.493610e-05
  3.995460e+00   3.084280e-04   2.509419e-05
  3.998350e+00   2.864307e-04   2.508024e-05
  4.001240e+00   3.032700e-04   2.526149e-05
  4.004140e+00   3.209789e-04   2.521251e-05
  4.007030e+00   3.721771e-04   2.531819e-05
  4.009920e+00   2.980144e-04   2.533935e-05
  4.012820e+00   2.789793e-04   2.544985e-05
  4.015710e+00   2.962792e-04   2.546590e-05
  4.018600e+00   2.796346e-04   2.556758e-05
  4.021500e+00   2.758450e-04   2.562461e-05
  4.024390e+00   2.742775e-04   2.559522e-05
  4.027280e+00   3.077740e-04   2.565006e-05
  4.030180e+00   3.244195e-04   2.574354e-05
  4.033070e+00   2.674309e-04   2.585531e-05
  4.035960e+00   2.936920e-04   2.582940e-05
  4.038860e+00   3.233450e-04   2.596095e-05
  4.041750e+00   3.010900e-04   2.598803e-05
  4.044640e+00   2.636110e-04   2.619090e-05
  4.047530e+00   3.303576e-04   2.674174e-05
  4.050430e+00   3.132562e-04   2.697875e-05
  4.053320e+00   2.889494e-04   2.734067e-05
  4.056210e+00   3.185042e-04   2.762941e-05
  4.059110e+00   3.052823e-04   2.767262e-05
  4.062000e+00   3.099267e-04   2.805539e-05
  4.064890e+00   3.241726e-04   2.814249e-05
  4.067790e+00   3.190849e-04   2.858847e-05
  4.070680e+00   3.024835e-04   2.895915e-05
  4.073570e+00   3.453695e-04   2.938674e-05
  4.076470e+00   2.746847e-04   2.964861e-05
  4.079360e+00   2.828116e-04   2.971574e-05
  4.082250e+00   3.014969e-04   2.998364e-05
  4.085150e+00   3.245500e-04   3.016390e-05
  4.088040e+00   3.604163e-04   3.037939e-05
  4.090930e+00   3.305087e-04   3.076791e-05
  4.093830e+00   2.935486e-04   3.087869e-05
  4.096720e+00   3.103997e-04   3.129974e-05
  4.099610e+00   3.258965e-04   3.190074e-05
  4.102500e+00   2.903319e-04   3.220071e-05
  4.105400e+00   2.930779e-04   3.287717e-05
  4.108290e+00   3.254769e-04   3.270924e-05
  4.111180e+00   3.421078e-04   3.291250e-05
  4.114080e+00   2.901539e-04   3.290492e-05
  4.116970e+00   3.171824e-04   3.317165e-05
  4.119860e+00   3.630191e-04   3.318988e-05
  4.122760e+00   2.765143e-04   3.353487e-05
  4.125650e+00   2.360273e-04   3.381918e-05
  4.128540e+00   2.855803e-04   3.410679e-05
  4.131440e+00   2.978897e-04   3.426425e-05
  4.134330e+00   2.660863e-04   3.445519e-05
  4.137220e+00   3.251287e-04   3.471782e-05
  4.140120e+00   3.217312e-04   3.512245e-05
  4.143010e+00   2.864279e-04   3.515577e-05
  4.145900e+00   3.187872e-04   3.509929e-05
  4.148800e+00   3.333159e-04   3.548625e-05
  4.151690e+00   2.843411e-04   3.568897e-05
  4.154580e+00   2.987254e-04   3.614212e-05
  4.157470e+00   3.134767e-04   3.606162e-05
  4.160370e+00   3.041098e-04   3.632866e-05
  4.163260e+00   2.787378e-04   3.614611e-05
  4.166150e+00   3.170634e-04   3.641507e-05
  4.169050e+00   2.940376e-04   3.633878e-05
  4.171940e+00   2.885237e-04   3.658572e-05
  4.174830e+00   3.326574e-04   3.662485e-05
  4.177730e+00   3.263659e-04   3.674704e-05
  4.180620e+00   2.952730e-04   3.661126e-05
  4.183510e+00   2.769821e-04   3.678676e-05
  4.186410e+00   2.626319e-04   3.679869e-05
  4.189300e+00   2.730871e-04   3.728678e-05
  4.192190e+00   3.257559e-04   3.692381e-05
  4.195090e+00   2.767095e-04   3.700465e-05
  4.197980e+00   2.874102e-04   3.723086e-05
  4.200870e+00   2.597348e-04   3.716994e-05
  4.203770e+00   2.597377e-04   3.753531e-05
  4.206660e+00   2.959075e-04   3.732120e-05
  4.209550e+00   2.935048e-04   3.766913e-05
  4.212440e+00   2.478430e-04   3.750484e-05
  4.215340e+00   2.775215e-04   3.759735e-05
  4.218230e+00   2.254646e-04   3.774454e-05
  4.221120e+00   2.518849e-04   3.774385e-05
  4.224020e+00   2.527188e-04   3.811375e-05
  4.226910e+00   3.271011e-04   3.801887e-05
  4.229800e+00   2.845583e-04   3.795023e-05
  4.232700e+00   3.371572e-04   3.810287e-05
  4.235590e+00   2.968083e-04   3.820236e-05
  4.238480e+00   2.940278e-04   3.846440e-05
  4.241380e+00   2.959342e-04   3.827777e-05
  4.244270e+00   2.516038e-04   3.854922e-05
  4.247160e+00   3.216522e-04   3.844356e-05
  4.250060e+00   3.214624e-04   3.856248e-05
  4.252950e+00   3.514021e-04   3.878606e-05
  4.255840e+00   2.744272e-04   3.863580e-05
  4.258740e+00   3.277214e-04   3.897243e-05
  4.261630e+00   3.491368e-04   3.877409e-05
  4.264520e+00   2.922516e-04   3.880700e-05
  4.267410e+00   2.960272e-04   3.906419e-05
  4.270310e+00   3.488709e-04   3.891219e-05
  4.273200e+00   3.367909e-04   3.918711e-05
  4.276090e+00   3.525352e-04   3.907899e-05
  4.278990e+00   2.714656e-04   3.921536e-05
  4.281880e+00   2.750760e-04   3.927410e-05
  4.284770e+00   3.254145e-04   3.910837e-05
  4.287670e+00   2.400564e-04   3.927598e-05
  4.290560e+00   3.381572e-04   3.942693e-05
  4.293450e+00   3.227715e-04   3.969343e-05
  4.296350e+00   3.021434e-04   3.955409e-05
  4.299240e+00   3.311117e-04   3.948215e-05
  4.302130e+00   3.657248e-04   3.975699e-05
  4.305030e+00   2.961870e-04   3.984831e-05
  4.307920e+00   2.849258e-04   4.001668e-05
  4.310810e+00   2.238981e-04   3.992947e-05
  4.313710e+00   3.045827e-04   4.001800e-05
  4.316600e+00   2.719341e-04   4.011175e-05
  4.319490e+00   2.789555e-04   4.025127e-05
  4.322390e+00   2.733179e-04   4.021481e-05
  4.325280e+00   3.593024e-04   4.040345e-05
  4.328170e+00   2.849237e-04   4.063551e-05
  4.331060e+00   3.073737e-04   4.045955e-05
  4.333960e+00   3.684923e-04   4.040716e-05
  4.336850e+00   2.534368e-04   4.060369e-05
  4.339740e+00   3.646057e-04   4.045418e-05
  4.342640e+00   2.391961e-04   4.083721e-05
  4.345530e+00   2.811297e-04   4.056223e-05
  4.348420e+00   2.595120e-04   4.050880e-05
  4.351320e+00   3.096313e-04   4.064065e-05
  4.354210e+00   3.145442e-04   4.052632e-05
  4.357100e+00   3.405271e-04   4.103227e-05
  4.360000e+00   2.761403e-04   4.068374e-05
  4.362890e+00   2.459363e-04   4.107712e-05
  4.365780e+00   2.847533e-04   4.096035e-05
  4.368680e+00   3.245905e-04   4.079257e-05
  4.371570e+00   2.821247e-04   4.124266e-05
  4.374460e+00   3.152824e-04   4.108980e-05
  4.377360e+00   3.274243e-04   4.150356e-05
  4.380250e+00   2.538196e-04   4.147860e-05
  4.383140e+00   3.017456e-04   4.209022e-05
  4.386030e+00   2.510883e-04   4.260372e-05
  4.388930e+00   2.700927e-04   4.302307e-05
  4.391820e+00   3.002334e-04   4.378670e-05
  4.394710e+00   2.326140e-04   4.415608e-05
  4.397610e+00   2.127164e-04   4.449749e-05
  4.400500e+00   2.525541e-04   4.502440e-05
  4.403390e+00   2.301297e-04   4.546673e-05
  4.406290e+00   2.083863e-04   4.559121e-05
  4.409180e+00   2.943835e-04   4.603157e-05
  4.412070e+00   2.713037e-04   4.688400e-05
  4.414970e+00   2.879386e-04   4.699567e-05
  4.417860e+00   2.794716e-04   4.778733e-05
  4.420750e+00   2.602117e-04   4.981153e-05
  4.423650e+00   2.399159e-04   5.115899e-05
  4.426540e+00   3.267965e-04   5.273085e-05
  4.429430e+00   3.384026e-04   5.350512e-05
  4.432330e+00   3.617607e-04   5.812869e-05
  4.435220e+00   3.716993e-04   6.126126e-05
  4.438110e+00   2.048455e-04   6.361271e-05
  4.441000e+00   4.798502e-04   6.618884e-05
  4.443900e+00   1.978738e-04   6.873332e-05
  4.446790e+00   2.559364e-04   7.376339e-05
  4.449680e+00   2.574260e-04   7.847497e-05
  4.452580e+00   2.247446e-04   8.425386e-05
  4.455470e+00   2.551240e-04   9.131403e-05
  4.458360e+00   3.428895e-04   9.703314e-05
  4.461260e+00   1.140459e-04   1.089318e-04
  4.464150e+00   9.685890e-05   1.342208e-04
  4.467040e+00   9.871654e-05   1.633497e-04
  4.469940e+00   3.332610e-04   2.605679e-04
