# DATA=SAXS PRIOR=GAUSS
3	2.290504119	0.33833782225298975
4	2.155783369	0.3992222786588096
5	1.6795835059999997	0.32230076011791414
6	2.862817825	0.3833158304202051
7	2.0994571459999998	0.342671783699359
8	1.917093806	0.32228261517202966
10	2.2557307919999996	0.2095237837330641
11	2.3930209500000004	0.1911067770541126
13	2.0883560689999996	0.18921478826783306
14	1.939515299	0.3756353514035548
15	1.9934774390000003	0.39127879585560194
16	1.876085625	0.3903935296042613
17	2.788756386	0.4197198644292974
18	2.862710548	0.45094285628096215
19	2.728053223	0.46700514669547033
20	2.474659001	0.423555536646206
21	2.106595756	0.36689435178677354
22	3.315885541	0.4799407714546069
23	1.9480015230000003	0.4485516042364696
24	2.2926239619999995	0.4457492599067724
25	2.221318749000001	0.3313342907557642
26	5.551944247	1.2206567161473136
27	2.7880971599999995	0.5248607052364257
28	2.341273075	0.3601206366201395
29	3.5371878179999996	0.4378471207198568
30	4.303898714000001	0.5217533758969256
31	3.599069233	0.5570371340253447
32	5.124825576999999	0.5214507406428032
33	5.371625164000001	0.42784137779349113
34	3.8454807959999995	0.9841349363144156
35	6.988581298000001	0.9794701883654164
36	8.997695001	1.72914141018578
38	59.189482311000006	84.82546847365506
41	18.540550137	16.373258302334943
42	8.749428993999999	3.3144446992418772
43	9.503584293000001	1.7709931009598376
44	17.173039572	4.258964533954936
45	6.0014413499999995	1.155315093535554
46	9.470016059	2.454251023764781
47	5.604371751999999	1.8077213597482025
48	2.4722641590000007	0.3638249543738866
49	11.518649252	7.790679081281809
50	5.542862421999999	0.8421904970862898
51	5.2891776450000005	0.9875917648247934
52	6.185151014000001	0.9819867723956015
53	7.379946310999999	0.746079658356776
54	7.009103925000001	0.689672302125999
55	4.471480463	0.6784180342174497
57	5.9760159580000005	0.9843020348593888
59	2.907799548999999	1.2321833424134894
60	5.806069079	0.6524370137553277
61	2.9777268449999994	0.27418677880722014
62	3.9495997629999993	0.3066709476665975
63	8.267166983000001	1.2179436787866358
66	0.24755018900000003	0.44449909022378864
67	9.466940147999999	1.9683348979634132
68	10.100467561	0.9319802363617008
69	7.048544629	0.7816910245018206
70	10.268908187000001	1.3222085281105638
71	9.681768357000003	0.9832644327987752
72	6.161968044999999	1.2881091747347644
73	6.526229605	0.9472168281855438
74	5.218562673	1.3659112598589798
75	4.251764545	0.8330346322368317
77	3.343027321000001	0.4736851380255577
78	10.995814681999999	2.3172774773866256
79	8.645612909	0.9510071167267066
80	5.351425061	0.5504837389728884
81	6.8365636709999995	1.3018503752045065
83	8.806404141999998	1.7224061135771052
84	9.433411539000002	4.345169824937457
85	4.326931235	1.2065006317121425
86	10.453660188	3.1863660984507653
87	5.448005664	1.3241026283849364
89	8.108280729	1.2577812188001722
90	55.255573812	45.98400484093425
91	30.287557213	24.387450574472116
92	8.925544196	2.168040700492423
93	2.731171507999999	0.2555697560259194
94	51.991781517	41.64132171390665
95	19.65544511	8.050928539544437
96	-1.2580366400000003	1.0194104259589702
97	45.982662578	33.65340270395176
98	11.323677023000002	2.0882078962037043
99	7.44781942	4.911600603843534
100	8.898721949999999	5.879594365206352
101	9.886241440000001	3.1547195594534823
102	7.861822451	10.659936313663362
103	4.921012054	0.8382551629277122
104	2.83707947	0.43851212323421557
105	69.567312731	85.08876969140528
106	37.081553788	30.476173659031225
107	7.539086383999999	3.0383240217702174
108	4.2456668650000005	0.8354008526049602
109	10.936079210000003	2.1961495215155242
