# DATA=SAXS PRIOR=GAUSS
 9.361700e-002  4.266840e-002  3.742097e-004
 9.638940e-002  4.341247e-002  3.527227e-004
 9.916180e-002  4.254804e-002  3.503496e-004
 1.019340e-001  4.249756e-002  3.353650e-004
 1.047070e-001  4.275331e-002  3.261830e-004
 1.074790e-001  4.195226e-002  3.262569e-004
 1.102520e-001  4.231209e-002  3.094374e-004
 1.130240e-001  4.223970e-002  3.124545e-004
 1.157960e-001  4.209785e-002  2.969077e-004
 1.185690e-001  4.154040e-002  2.949727e-004
 1.213410e-001  4.217925e-002  2.954679e-004
 1.241140e-001  4.245738e-002  2.841548e-004
 1.268860e-001  4.197708e-002  2.855451e-004
 1.296580e-001  4.171717e-002  2.726306e-004
 1.324310e-001  4.163045e-002  2.737849e-004
 1.352030e-001  4.144327e-002  2.658320e-004
 1.379760e-001  4.085249e-002  2.622299e-004
 1.407480e-001  4.154234e-002  2.624184e-004
 1.435210e-001  4.146499e-002  2.545546e-004
 1.462930e-001  4.115914e-002  2.558123e-004
 1.490650e-001  4.065086e-002  2.480216e-004
 1.518380e-001  4.030700e-002  2.441260e-004
 1.546100e-001  4.045768e-002  2.447652e-004
 1.573830e-001  3.981150e-002  2.367640e-004
 1.601550e-001  4.022571e-002  2.394783e-004
 1.629280e-001  4.029844e-002  2.331766e-004
 1.657000e-001  3.942428e-002  2.296290e-004
 1.684720e-001  3.952311e-002  2.299115e-004
 1.712450e-001  3.905017e-002  2.242066e-004
 1.740170e-001  3.941826e-002  2.266203e-004
 1.767900e-001  3.949553e-002  2.206390e-004
 1.795620e-001  3.855649e-002  2.194157e-004
 1.823350e-001  3.875227e-002  2.147619e-004
 1.851070e-001  3.840950e-002  2.147297e-004
 1.878790e-001  3.793002e-002  2.123645e-004
 1.906520e-001  3.765171e-002  2.113539e-004
 1.934240e-001  3.758199e-002  2.171596e-004
 1.961970e-001  3.736938e-002  2.135027e-004
 1.989690e-001  3.750417e-002  2.156568e-004
 2.017420e-001  3.762827e-002  2.160334e-004
 2.045140e-001  3.675690e-002  2.136436e-004
 2.072860e-001  3.685560e-002  2.149178e-004
 2.100590e-001  3.645585e-002  2.110793e-004
 2.128310e-001  3.636037e-002  2.133797e-004
 2.156040e-001  3.599678e-002  2.099549e-004
 2.183760e-001  3.584978e-002  2.094082e-004
 2.211490e-001  3.616267e-002  2.110514e-004
 2.239210e-001  3.561088e-002  2.072976e-004
 2.266930e-001  3.537240e-002  2.113534e-004
 2.294660e-001  3.530748e-002  2.056895e-004
 2.322380e-001  3.501775e-002  2.058037e-004
 2.350110e-001  3.472407e-002  2.067073e-004
 2.377830e-001  3.465942e-002  2.019051e-004
 2.405560e-001  3.456451e-002  2.040058e-004
 2.433280e-001  3.406992e-002  2.017282e-004
 2.461000e-001  3.389528e-002  2.009011e-004
 2.488730e-001  3.403941e-002  2.009219e-004
 2.516450e-001  3.350702e-002  1.986349e-004
 2.544180e-001  3.320601e-002  1.998786e-004
 2.571900e-001  3.301177e-002  1.947875e-004
 2.599630e-001  3.277293e-002  1.985005e-004
 2.627350e-001  3.269505e-002  1.940487e-004
 2.655070e-001  3.272191e-002  1.937986e-004
 2.682800e-001  3.199425e-002  1.951013e-004
 2.710520e-001  3.238699e-002  1.910186e-004
 2.738250e-001  3.179372e-002  1.922813e-004
 2.765970e-001  3.180739e-002  1.895034e-004
 2.793690e-001  3.152716e-002  1.909807e-004
 2.821420e-001  3.147777e-002  1.895757e-004
 2.849140e-001  3.106543e-002  1.872632e-004
 2.876870e-001  3.091481e-002  1.861639e-004
 2.904590e-001  3.074816e-002  1.860282e-004
 2.932320e-001  3.052328e-002  1.868765e-004
 2.960040e-001  3.031759e-002  1.830824e-004
 2.987760e-001  3.001649e-002  1.828392e-004
 3.015490e-001  2.970976e-002  1.820201e-004
 3.043210e-001  2.973315e-002  1.806409e-004
 3.070940e-001  2.901996e-002  1.810647e-004
 3.098660e-001  2.914119e-002  1.775987e-004
 3.126390e-001  2.903540e-002  1.790321e-004
 3.154110e-001  2.866785e-002  1.777532e-004
 3.181830e-001  2.879122e-002  1.782690e-004
 3.209560e-001  2.845986e-002  1.764452e-004
 3.237280e-001  2.821851e-002  1.732630e-004
 3.265010e-001  2.808986e-002  1.756663e-004
 3.292730e-001  2.757508e-002  1.717858e-004
 3.320460e-001  2.791391e-002  1.739276e-004
 3.348180e-001  2.706946e-002  1.714386e-004
 3.375900e-001  2.692009e-002  1.742609e-004
 3.403630e-001  2.687688e-002  1.788546e-004
 3.431350e-001  2.670271e-002  1.768218e-004
 3.459080e-001  2.657505e-002  1.804259e-004
 3.486800e-001  2.636033e-002  1.815024e-004
 3.514530e-001  2.621743e-002  1.791521e-004
 3.542250e-001  2.587417e-002  1.823799e-004
 3.569970e-001  2.544929e-002  1.785495e-004
 3.597700e-001  2.572570e-002  1.824110e-004
 3.625420e-001  2.584537e-002  1.834323e-004
 3.653150e-001  2.509026e-002  1.832073e-004
 3.680870e-001  2.532337e-002  1.840791e-004
 3.708600e-001  2.529812e-002  1.815304e-004
 3.736320e-001  2.482245e-002  1.849493e-004
 3.764040e-001  2.492187e-002  1.832569e-004
 3.791770e-001  2.401509e-002  1.828146e-004
 3.819490e-001  2.394530e-002  1.839412e-004
 3.847220e-001  2.423635e-002  1.837738e-004
 3.874940e-001  2.416190e-002  1.855472e-004
 3.902670e-001  2.341842e-002  1.814118e-004
 3.930390e-001  2.347854e-002  1.843723e-004
 3.958110e-001  2.305102e-002  1.831414e-004
 3.985840e-001  2.302908e-002  1.835286e-004
 4.013560e-001  2.311984e-002  1.850333e-004
 4.041290e-001  2.272741e-002  1.764471e-004
 4.069010e-001  2.265490e-002  1.756410e-004
 4.096740e-001  2.247633e-002  1.706104e-004
 4.124460e-001  2.224620e-002  1.701719e-004
 4.152180e-001  2.183433e-002  1.674980e-004
 4.179910e-001  2.187362e-002  1.658273e-004
 4.207630e-001  2.194203e-002  1.664617e-004
 4.235360e-001  2.128355e-002  1.625501e-004
 4.263080e-001  2.153447e-002  1.629526e-004
 4.290810e-001  2.113972e-002  1.616320e-004
 4.318530e-001  2.134587e-002  1.609204e-004
 4.346250e-001  2.103702e-002  1.603271e-004
 4.373980e-001  2.104458e-002  1.575424e-004
 4.401700e-001  2.028165e-002  1.568561e-004
 4.429430e-001  2.043114e-002  1.551411e-004
 4.457150e-001  2.043645e-002  1.555299e-004
 4.484870e-001  2.011179e-002  1.560828e-004
 4.512600e-001  1.979873e-002  1.528508e-004
 4.540320e-001  1.964012e-002  1.533909e-004
 4.568050e-001  1.945079e-002  1.503682e-004
 4.595770e-001  1.951791e-002  1.525397e-004
 4.623500e-001  1.946661e-002  1.500223e-004
 4.651220e-001  1.925582e-002  1.496318e-004
 4.678940e-001  1.886948e-002  1.484883e-004
 4.706670e-001  1.874978e-002  1.480343e-004
 4.734390e-001  1.871417e-002  1.476818e-004
 4.762120e-001  1.862542e-002  1.461841e-004
 4.789840e-001  1.830984e-002  1.464819e-004
 4.817570e-001  1.820438e-002  1.456661e-004
 4.845290e-001  1.826966e-002  1.449202e-004
 4.873010e-001  1.823462e-002  1.441936e-004
 4.900740e-001  1.772004e-002  1.428696e-004
 4.928460e-001  1.761208e-002  1.420671e-004
 4.956190e-001  1.794707e-002  1.422955e-004
 4.983910e-001  1.739986e-002  1.416502e-004
 5.011640e-001  1.743606e-002  1.402109e-004
 5.039360e-001  1.699404e-002  1.400422e-004
 5.067080e-001  1.716083e-002  1.404322e-004
 5.094810e-001  1.678364e-002  1.382467e-004
 5.122530e-001  1.673843e-002  1.383191e-004
 5.150260e-001  1.665521e-002  1.382294e-004
 5.177980e-001  1.640971e-002  1.374254e-004
 5.205710e-001  1.630210e-002  1.365078e-004
 5.233430e-001  1.638682e-002  1.357308e-004
 5.261150e-001  1.628819e-002  1.355377e-004
 5.288880e-001  1.580284e-002  1.345387e-004
 5.316600e-001  1.576506e-002  1.344001e-004
 5.344330e-001  1.581694e-002  1.341660e-004
 5.372050e-001  1.542964e-002  1.327852e-004
 5.399780e-001  1.535125e-002  1.328811e-004
 5.427500e-001  1.530542e-002  1.326115e-004
 5.455220e-001  1.533665e-002  1.314405e-004
 5.482950e-001  1.540360e-002  1.335000e-004
 5.510670e-001  1.489770e-002  1.335658e-004
 5.538400e-001  1.492696e-002  1.352832e-004
 5.566120e-001  1.499349e-002  1.348963e-004
 5.593850e-001  1.472830e-002  1.349422e-004
 5.621570e-001  1.466264e-002  1.358246e-004
 5.649290e-001  1.442477e-002  1.362882e-004
 5.677020e-001  1.418982e-002  1.369491e-004
 5.704740e-001  1.401959e-002  1.357349e-004
 5.732470e-001  1.403470e-002  1.370427e-004
 5.760190e-001  1.403835e-002  1.368963e-004
 5.787920e-001  1.380499e-002  1.364296e-004
 5.815640e-001  1.358549e-002  1.365530e-004
 5.843360e-001  1.384325e-002  1.348881e-004
 5.871090e-001  1.349011e-002  1.340841e-004
 5.898810e-001  1.344836e-002  1.315307e-004
 5.926540e-001  1.326342e-002  1.305053e-004
 5.954260e-001  1.339106e-002  1.295988e-004
 5.981980e-001  1.323196e-002  1.271604e-004
 6.009710e-001  1.277506e-002  1.271612e-004
 6.037430e-001  1.256955e-002  1.249663e-004
 6.065160e-001  1.270677e-002  1.248606e-004
 6.092880e-001  1.257617e-002  1.241150e-004
 6.120610e-001  1.258524e-002  1.231142e-004
 6.148330e-001  1.256994e-002  1.232722e-004
 6.176050e-001  1.242502e-002  1.218663e-004
 6.203780e-001  1.221310e-002  1.222372e-004
 6.231500e-001  1.206556e-002  1.211652e-004
 6.259230e-001  1.191993e-002  1.206669e-004
 6.286950e-001  1.186662e-002  1.208232e-004
 6.314680e-001  1.184858e-002  1.191569e-004
 6.342400e-001  1.157832e-002  1.197969e-004
 6.370120e-001  1.172806e-002  1.190884e-004
 6.397850e-001  1.173196e-002  1.185832e-004
 6.425570e-001  1.144363e-002  1.181936e-004
 6.453300e-001  1.151326e-002  1.168523e-004
 6.481020e-001  1.126308e-002  1.176693e-004
 6.508750e-001  1.126117e-002  1.158718e-004
 6.536470e-001  1.113870e-002  1.160446e-004
 6.564190e-001  1.095249e-002  1.153524e-004
 6.591920e-001  1.082333e-002  1.143606e-004
 6.619640e-001  1.095043e-002  1.146338e-004
 6.647370e-001  1.075965e-002  1.124083e-004
 6.675090e-001  1.053333e-002  1.130234e-004
 6.702820e-001  1.045982e-002  1.126544e-004
 6.730540e-001  1.034387e-002  1.119972e-004
 6.758260e-001  1.028282e-002  1.120353e-004
 6.785990e-001  1.038321e-002  1.114979e-004
 6.813710e-001  1.004333e-002  1.118578e-004
 6.841440e-001  9.918077e-003  1.104593e-004
 6.869160e-001  1.006971e-002  1.113394e-004
 6.896890e-001  1.000729e-002  1.106445e-004
 6.924610e-001  1.000883e-002  1.109414e-004
 6.952330e-001  1.004701e-002  1.116831e-004
 6.980060e-001  9.648866e-003  1.095081e-004
 7.007780e-001  9.585843e-003  1.105227e-004
 7.035510e-001  9.589933e-003  1.097758e-004
 7.063230e-001  9.495768e-003  1.100902e-004
 7.090960e-001  9.514070e-003  1.101593e-004
 7.118680e-001  9.211986e-003  1.082872e-004
 7.146400e-001  9.312729e-003  1.096153e-004
 7.174130e-001  9.032353e-003  1.079310e-004
 7.201850e-001  9.071155e-003  1.083577e-004
 7.229580e-001  9.025379e-003  1.080397e-004
 7.257300e-001  8.810420e-003  1.070597e-004
 7.285030e-001  8.915001e-003  1.084779e-004
 7.312750e-001  8.856733e-003  1.058659e-004
 7.340470e-001  8.581301e-003  1.071176e-004
 7.368200e-001  8.515100e-003  1.062978e-004
 7.395920e-001  8.551645e-003  1.058216e-004
 7.423650e-001  8.393983e-003  1.069271e-004
 7.451370e-001  8.560515e-003  1.045339e-004
 7.479090e-001  8.285817e-003  1.058446e-004
 7.506820e-001  8.286105e-003  1.044066e-004
 7.534540e-001  8.120122e-003  1.047283e-004
 7.562270e-001  8.064980e-003  1.045646e-004
 7.589990e-001  7.950394e-003  1.034496e-004
 7.617720e-001  7.943341e-003  1.046683e-004
 7.645440e-001  7.947617e-003  1.032008e-004
 7.673160e-001  8.053176e-003  1.036319e-004
 7.700890e-001  8.014466e-003  1.031347e-004
 7.728610e-001  7.743702e-003  1.023971e-004
 7.756340e-001  7.725219e-003  1.029521e-004
 7.784060e-001  7.522132e-003  1.021780e-004
 7.811790e-001  7.354971e-003  1.015006e-004
 7.839510e-001  7.603640e-003  1.016774e-004
 7.867230e-001  7.367083e-003  1.016823e-004
 7.894960e-001  7.363310e-003  1.016734e-004
 7.922680e-001  7.276076e-003  1.010328e-004
 7.950410e-001  7.040738e-003  1.014652e-004
 7.978130e-001  6.975307e-003  1.029764e-004
 8.005860e-001  7.064363e-003  1.040898e-004
 8.033580e-001  7.064357e-003  1.044155e-004
 8.061300e-001  6.985505e-003  1.052749e-004
 8.089030e-001  6.853168e-003  1.063350e-004
 8.116750e-001  6.934175e-003  1.063605e-004
 8.144480e-001  6.600134e-003  1.063713e-004
 8.172200e-001  6.720779e-003  1.067677e-004
 8.199930e-001  6.559814e-003  1.061929e-004
 8.227650e-001  6.528210e-003  1.075655e-004
 8.255370e-001  6.501203e-003  1.062116e-004
 8.283100e-001  6.506955e-003  1.072744e-004
 8.310820e-001  6.567759e-003  1.064384e-004
 8.338550e-001  6.436180e-003  1.059955e-004
 8.366270e-001  6.456619e-003  1.036751e-004
 8.394000e-001  6.303978e-003  1.014531e-004
 8.421720e-001  6.199494e-003  1.012083e-004
 8.449440e-001  6.037954e-003  9.979630e-005
 8.477170e-001  6.215486e-003  1.003754e-004
 8.504890e-001  6.041557e-003  9.893797e-005
 8.532620e-001  6.094357e-003  9.769356e-005
 8.560340e-001  5.854914e-003  9.841821e-005
 8.588070e-001  5.969390e-003  9.716554e-005
 8.615790e-001  5.660791e-003  9.723119e-005
 8.643510e-001  5.684251e-003  9.624055e-005
 8.671240e-001  5.706552e-003  9.614256e-005
 8.698960e-001  5.676028e-003  9.620590e-005
 8.726690e-001  5.568640e-003  9.538498e-005
 8.754410e-001  5.531563e-003  9.540402e-005
 8.782140e-001  5.430828e-003  9.449820e-005
 8.809860e-001  5.482229e-003  9.502729e-005
 8.837580e-001  5.379334e-003  9.385040e-005
 8.865310e-001  5.449723e-003  9.326408e-005
 8.893030e-001  5.199095e-003  9.375361e-005
 8.920760e-001  5.398959e-003  9.279397e-005
 8.948480e-001  5.281635e-003  9.327676e-005
 8.976210e-001  5.013646e-003  9.263797e-005
 9.003930e-001  5.110463e-003  9.207214e-005
 9.031650e-001  5.060677e-003  9.269819e-005
 9.059380e-001  5.242715e-003  9.252713e-005
 9.087100e-001  5.036186e-003  9.279508e-005
 9.114830e-001  5.051700e-003  9.153596e-005
 9.142550e-001  4.888919e-003  9.197977e-005
 9.170270e-001  4.846943e-003  9.249267e-005
 9.198000e-001  4.921610e-003  9.137488e-005
 9.225720e-001  4.831371e-003  9.245252e-005
 9.253450e-001  4.648382e-003  9.301182e-005
 9.281170e-001  4.667855e-003  9.481797e-005
 9.308900e-001  4.535136e-003  9.558365e-005
 9.336620e-001  4.833494e-003  9.556871e-005
 9.364340e-001  4.478526e-003  9.686436e-005
 9.392070e-001  4.593491e-003  9.585658e-005
 9.419790e-001  4.336599e-003  9.750732e-005
 9.447520e-001  4.621629e-003  9.741902e-005
 9.475240e-001  4.343093e-003  9.761996e-005
 9.502970e-001  4.322178e-003  9.868514e-005
 9.530690e-001  4.223049e-003  9.751980e-005
 9.558410e-001  4.285322e-003  9.877494e-005
 9.586140e-001  4.187959e-003  9.798997e-005
 9.613860e-001  4.189324e-003  9.919749e-005
 9.641590e-001  4.158500e-003  9.933121e-005
 9.669310e-001  4.241950e-003  9.925357e-005
 9.697040e-001  4.103699e-003  9.976171e-005
 9.724760e-001  4.018892e-003  9.870440e-005
 9.752480e-001  4.116124e-003  1.009734e-004
 9.780210e-001  3.925992e-003  9.964256e-005
 9.807930e-001  3.779044e-003  9.964434e-005
 9.835660e-001  3.969605e-003  1.006031e-004
 9.863380e-001  3.825081e-003  9.977226e-005
 9.891110e-001  3.930626e-003  1.015055e-004
 9.918830e-001  3.784707e-003  9.797473e-005
 9.946550e-001  3.908434e-003  9.737446e-005
 9.974280e-001  3.841783e-003  9.570338e-005
 1.000200e+000  3.711249e-003  9.520221e-005
 1.002970e+000  3.612969e-003  9.491579e-005
 1.005750e+000  3.774396e-003  9.378171e-005
 1.008520e+000  3.519102e-003  9.388134e-005
 1.011290e+000  3.599824e-003  9.397909e-005
 1.014060e+000  3.601560e-003  9.249400e-005
 1.016830e+000  3.486235e-003  9.283766e-005
 1.019610e+000  3.588495e-003  9.191544e-005
 1.022380e+000  3.435736e-003  9.236226e-005
 1.025150e+000  3.538405e-003  9.137821e-005
 1.027920e+000  3.478437e-003  9.116054e-005
 1.030700e+000  3.249115e-003  9.128259e-005
 1.033470e+000  3.422019e-003  9.023002e-005
 1.036240e+000  3.302894e-003  9.080340e-005
 1.039010e+000  3.358319e-003  9.015061e-005
 1.041790e+000  3.208569e-003  8.977305e-005
 1.044560e+000  3.299716e-003  8.985290e-005
 1.047330e+000  3.376522e-003  8.950046e-005
 1.050100e+000  3.204389e-003  8.975534e-005
 1.052880e+000  3.146534e-003  8.842473e-005
 1.055650e+000  3.264721e-003  8.936022e-005
 1.058420e+000  3.122685e-003  8.835285e-005
 1.061190e+000  3.196813e-003  8.808065e-005
 1.063970e+000  3.072550e-003  8.854530e-005
 1.066740e+000  2.916832e-003  8.748765e-005
 1.069510e+000  3.075395e-003  8.879301e-005
 1.072280e+000  3.007096e-003  8.710932e-005
 1.075060e+000  3.018392e-003  8.753775e-005
 1.077830e+000  3.127127e-003  8.734291e-005
 1.080600e+000  2.825576e-003  8.618312e-005
 1.083370e+000  2.845102e-003  8.682652e-005
 1.086150e+000  2.927130e-003  8.588111e-005
 1.088920e+000  3.036572e-003  8.650009e-005
 1.091690e+000  2.763753e-003  8.547484e-005
 1.094460e+000  2.667153e-003  8.517485e-005
 1.097240e+000  2.747323e-003  8.565519e-005
 1.100010e+000  2.585429e-003  8.481319e-005
 1.102780e+000  2.721624e-003  8.508377e-005
 1.105550e+000  2.762948e-003  8.498343e-005
 1.108320e+000  2.616612e-003  8.419693e-005
 1.111100e+000  2.544759e-003  8.441879e-005
 1.113870e+000  2.526824e-003  8.382256e-005
 1.116640e+000  2.393332e-003  8.452625e-005
 1.119410e+000  2.634166e-003  8.353438e-005
 1.122190e+000  2.569645e-003  8.391370e-005
 1.124960e+000  2.594316e-003  8.412438e-005
 1.127730e+000  2.339895e-003  8.278767e-005
 1.130500e+000  2.334028e-003  8.365684e-005
 1.133280e+000  2.542850e-003  8.281952e-005
 1.136050e+000  2.404458e-003  8.336758e-005
 1.138820e+000  2.424596e-003  8.333527e-005
 1.141590e+000  2.413823e-003  8.282240e-005
 1.144370e+000  2.349529e-003  8.315613e-005
 1.147140e+000  2.319908e-003  8.253107e-005
 1.149910e+000  2.180364e-003  8.271879e-005
 1.152680e+000  2.370060e-003  8.291024e-005
 1.155460e+000  2.206860e-003  8.218082e-005
 1.158230e+000  2.268835e-003  8.237359e-005
 1.161000e+000  2.276693e-003  8.178997e-005
 1.163770e+000  2.103011e-003  8.194867e-005
 1.166550e+000  2.113144e-003  8.133810e-005
 1.169320e+000  2.330488e-003  8.186510e-005
 1.172090e+000  2.065214e-003  8.178571e-005
 1.174860e+000  1.997701e-003  8.111231e-005
 1.177640e+000  2.043690e-003  8.127678e-005
 1.180410e+000  1.816967e-003  8.027284e-005
 1.183180e+000  2.041438e-003  8.135180e-005
 1.185950e+000  2.004907e-003  8.037477e-005
 1.188730e+000  2.042983e-003  8.093932e-005
 1.191500e+000  1.970941e-003  8.036529e-005
 1.194270e+000  1.932405e-003  7.995007e-005
 1.197040e+000  2.003196e-003  8.043215e-005
 1.199810e+000  1.867783e-003  7.983621e-005
 1.202590e+000  2.018123e-003  8.003043e-005
 1.205360e+000  1.977065e-003  8.000873e-005
 1.208130e+000  1.864418e-003  7.937939e-005
 1.210900e+000  1.922393e-003  8.006479e-005
 1.213680e+000  1.911291e-003  7.885377e-005
 1.216450e+000  1.927739e-003  7.962825e-005
 1.219220e+000  1.898880e-003  7.927209e-005
 1.221990e+000  1.785455e-003  7.861879e-005
 1.224770e+000  1.779896e-003  7.872591e-005
 1.227540e+000  1.703106e-003  7.791256e-005
 1.230310e+000  1.681380e-003  7.870908e-005
 1.233080e+000  1.761145e-003  7.775796e-005
 1.235860e+000  1.703083e-003  7.823734e-005
 1.238630e+000  1.762199e-003  7.804763e-005
 1.241400e+000  1.753382e-003  7.736066e-005
 1.244170e+000  1.737392e-003  7.779337e-005
 1.246950e+000  1.740500e-003  7.703406e-005
 1.249720e+000  1.685300e-003  7.721080e-005
 1.252490e+000  1.748012e-003  7.736872e-005
 1.255260e+000  1.591074e-003  7.697510e-005
 1.258040e+000  1.556585e-003  7.709077e-005
 1.260810e+000  1.515984e-003  7.617313e-005
 1.263580e+000  1.520476e-003  7.690829e-005
 1.266350e+000  1.699832e-003  7.632937e-005
 1.269130e+000  1.640323e-003  7.677606e-005
 1.271900e+000  1.592396e-003  7.629740e-005
 1.274670e+000  1.529744e-003  7.601231e-005
 1.277440e+000  1.680228e-003  7.661107e-005
 1.280220e+000  1.449699e-003  7.563000e-005
 1.282990e+000  1.619131e-003  7.688096e-005
 1.285760e+000  1.548903e-003  7.600141e-005
 1.288530e+000  1.412330e-003  7.579599e-005
 1.291310e+000  1.327147e-003  7.624387e-005
 1.294080e+000  1.386124e-003  7.539150e-005
 1.296850e+000  1.507647e-003  7.609251e-005
 1.299620e+000  1.457416e-003  7.545435e-005
 1.302390e+000  1.266891e-003  7.556320e-005
 1.305170e+000  1.351016e-003  7.585571e-005
 1.307940e+000  1.312701e-003  7.470697e-005
 1.310710e+000  1.308272e-003  7.542025e-005
 1.313480e+000  1.314206e-003  7.486705e-005
 1.316260e+000  1.325190e-003  7.499641e-005
 1.319030e+000  1.373978e-003  7.514869e-005
 1.321800e+000  1.305418e-003  7.448561e-005
 1.324570e+000  1.400665e-003  7.517115e-005
 1.327350e+000  1.273708e-003  7.460831e-005
 1.330120e+000  1.382389e-003  7.453011e-005
 1.332890e+000  1.329489e-003  7.451737e-005
 1.335660e+000  1.284464e-003  7.422803e-005
 1.338440e+000  1.261243e-003  7.418319e-005
 1.341210e+000  1.329888e-003  7.442893e-005
 1.343980e+000  1.288695e-003  7.374529e-005
 1.346750e+000  1.291692e-003  7.412372e-005
 1.349530e+000  1.257120e-003  7.362511e-005
 1.352300e+000  1.159427e-003  7.411653e-005
 1.355070e+000  1.171716e-003  7.344429e-005
 1.357840e+000  1.203640e-003  7.340599e-005
 1.360620e+000  1.267570e-003  7.365022e-005
 1.363390e+000  1.184515e-003  7.317518e-005
 1.366160e+000  1.079190e-003  7.319202e-005
 1.368930e+000  1.087512e-003  7.301622e-005
 1.371710e+000  1.070426e-003  7.304681e-005
 1.374480e+000  1.086233e-003  7.291131e-005
 1.377250e+000  1.149776e-003  7.292823e-005
 1.380020e+000  1.125107e-003  7.271424e-005
 1.382800e+000  1.054888e-003  7.257745e-005
 1.385570e+000  1.057719e-003  7.252406e-005
 1.388340e+000  1.024987e-003  7.240056e-005
 1.391110e+000  1.097998e-003  7.251975e-005
 1.393880e+000  1.189564e-003  7.231565e-005
 1.396660e+000  1.068365e-003  7.226202e-005
 1.399430e+000  1.017602e-003  7.227830e-005
 1.402200e+000  1.095462e-003  7.177395e-005
 1.404970e+000  1.087765e-003  7.230029e-005
 1.407750e+000  1.050585e-003  7.157593e-005
 1.410520e+000  1.035852e-003  7.213235e-005
 1.413290e+000  9.514668e-004  7.109885e-005
 1.416060e+000  1.043678e-003  7.167003e-005
 1.418840e+000  7.039305e-004  7.110446e-005
 1.421610e+000  1.169600e-003  7.174926e-005
 1.424380e+000  9.949363e-004  7.160985e-005
 1.427150e+000  1.011204e-003  7.084891e-005
 1.429930e+000  1.073049e-003  7.148314e-005
 1.432700e+000  9.898607e-004  7.116713e-005
 1.435470e+000  9.497219e-004  7.105449e-005
 1.438240e+000  8.811358e-004  7.118575e-005
 1.441020e+000  9.495542e-004  7.048768e-005
 1.443790e+000  9.729592e-004  7.107341e-005
 1.446560e+000  9.296723e-004  7.085226e-005
 1.449330e+000  9.557675e-004  7.058319e-005
 1.452110e+000  8.708600e-004  7.058820e-005
 1.454880e+000  9.772114e-004  7.030619e-005
 1.457650e+000  9.023721e-004  7.082678e-005
 1.460420e+000  9.355424e-004  7.013098e-005
 1.463200e+000  1.021184e-003  7.057844e-005
 1.465970e+000  8.686959e-004  7.034946e-005
 1.468740e+000  9.222361e-004  6.971721e-005
 1.471510e+000  9.568459e-004  7.055909e-005
 1.474290e+000  8.637221e-004  6.940487e-005
 1.477060e+000  8.937954e-004  7.023438e-005
 1.479830e+000  8.366892e-004  7.002851e-005
 1.482600e+000  8.352671e-004  6.964058e-005
 1.485370e+000  8.086628e-004  7.015174e-005
 1.488150e+000  7.151029e-004  6.906480e-005
 1.490920e+000  9.238298e-004  7.000449e-005
 1.493690e+000  8.187542e-004  6.945852e-005
 1.496460e+000  7.979397e-004  6.921933e-005
 1.499240e+000  6.747398e-004  6.946909e-005
 1.502010e+000  8.316840e-004  6.900638e-005
 1.504780e+000  9.209196e-004  6.962631e-005
 1.507550e+000  7.302161e-004  6.880884e-005
 1.510330e+000  7.830931e-004  6.911577e-005
 1.513100e+000  7.971895e-004  7.041455e-005
 1.515870e+000  8.700621e-004  7.088878e-005
 1.518640e+000  8.159584e-004  7.175929e-005
 1.521420e+000  7.385071e-004  7.104194e-005
 1.524190e+000  7.934027e-004  7.230232e-005
 1.526960e+000  6.959313e-004  7.239435e-005
 1.529730e+000  7.620182e-004  7.271468e-005
 1.532510e+000  8.505780e-004  7.289117e-005
 1.535280e+000  7.597943e-004  7.273122e-005
 1.538050e+000  6.719906e-004  7.332678e-005
 1.540820e+000  7.713382e-004  7.344278e-005
 1.543600e+000  5.815071e-004  7.352414e-005
 1.546370e+000  7.387540e-004  7.402942e-005
 1.549140e+000  7.489036e-004  7.387069e-005
 1.551910e+000  6.449645e-004  7.446018e-005
 1.554690e+000  7.536676e-004  7.374423e-005
 1.557460e+000  6.491024e-004  7.456324e-005
 1.560230e+000  6.942780e-004  7.455564e-005
 1.563000e+000  7.073565e-004  7.494787e-005
 1.565780e+000  7.549421e-004  7.526038e-005
 1.568550e+000  6.646148e-004  7.449177e-005
 1.571320e+000  5.166797e-004  7.536238e-005
 1.574090e+000  6.671991e-004  7.493042e-005
 1.576860e+000  6.692496e-004  7.553690e-005
 1.579640e+000  7.090790e-004  7.438928e-005
 1.582410e+000  5.919251e-004  7.306830e-005
 1.585180e+000  6.669369e-004  7.310313e-005
 1.587950e+000  7.411467e-004  7.221937e-005
 1.590730e+000  7.630195e-004  7.222819e-005
 1.593500e+000  6.165259e-004  7.206438e-005
 1.596270e+000  5.202596e-004  7.097281e-005
 1.599040e+000  6.973692e-004  7.207724e-005
 1.601820e+000  6.905553e-004  7.055264e-005
 1.604590e+000  6.603966e-004  7.127397e-005
 1.607360e+000  8.753395e-004  7.086158e-005
 1.610130e+000  5.240382e-004  7.009161e-005
 1.612910e+000  5.895850e-004  7.056394e-005
 1.615680e+000  6.793200e-004  6.959030e-005
 1.618450e+000  6.919225e-004  7.020974e-005
 1.621220e+000  6.329193e-004  6.973073e-005
 1.624000e+000  5.937537e-004  6.958071e-005
 1.626770e+000  7.508475e-004  6.960575e-005
 1.629540e+000  6.591048e-004  6.938504e-005
 1.632310e+000  4.615935e-004  6.935624e-005
 1.635090e+000  6.106310e-004  6.887881e-005
 1.637860e+000  6.455818e-004  6.882737e-005
 1.640630e+000  4.369804e-004  6.882878e-005
 1.643400e+000  5.161838e-004  6.869823e-005
 1.646180e+000  6.412781e-004  6.912205e-005
 1.648950e+000  5.270041e-004  6.825311e-005
 1.651720e+000  6.632746e-004  6.872028e-005
 1.654490e+000  5.569967e-004  6.828316e-005
 1.657270e+000  5.555452e-004  6.851524e-005
 1.660040e+000  5.549371e-004  6.837068e-005
 1.662810e+000  5.124630e-004  6.802672e-005
 1.665580e+000  5.856323e-004  6.833198e-005
 1.668350e+000  5.602256e-004  6.790410e-005
 1.671130e+000  5.997841e-004  6.818588e-005
 1.673900e+000  5.579105e-004  6.779938e-005
 1.676670e+000  5.610032e-004  6.787885e-005
 1.679440e+000  5.217183e-004  6.841699e-005
 1.682220e+000  5.947896e-004  6.776229e-005
 1.684990e+000  6.514346e-004  6.817151e-005
 1.687760e+000  6.455216e-004  6.769901e-005
 1.690530e+000  4.497108e-004  6.755699e-005
 1.693310e+000  4.864356e-004  6.794945e-005
 1.696080e+000  5.252929e-004  6.730284e-005
 1.698850e+000  5.687329e-004  6.791113e-005
 1.701620e+000  4.106988e-004  6.693164e-005
 1.704400e+000  5.705306e-004  6.758902e-005
 1.707170e+000  5.586176e-004  6.713529e-005
 1.709940e+000  4.447442e-004  6.713521e-005
 1.712710e+000  5.079053e-004  6.744860e-005
 1.715490e+000  5.290257e-004  6.666548e-005
 1.718260e+000  6.086337e-004  6.704726e-005
 1.721030e+000  4.616703e-004  6.650466e-005
 1.723800e+000  4.412761e-004  6.655250e-005
 1.726580e+000  6.715211e-004  6.671087e-005
 1.729350e+000  5.427873e-004  6.631684e-005
 1.732120e+000  5.755380e-004  6.660150e-005
 1.734890e+000  4.263872e-004  6.621203e-005
 1.737670e+000  4.269916e-004  6.625405e-005
 1.740440e+000  5.628612e-004  6.637225e-005
 1.743210e+000  5.053344e-004  6.590261e-005
 1.745980e+000  5.230137e-004  6.659881e-005
 1.748760e+000  4.459968e-004  6.558026e-005
 1.751530e+000  4.622826e-004  6.628013e-005
 1.754300e+000  3.434237e-004  6.561702e-005
 1.757070e+000  4.849085e-004  6.566427e-005
 1.759850e+000  5.650339e-004  6.599358e-005
 1.762620e+000  4.904038e-004  6.572340e-005
 1.765390e+000  3.664065e-004  6.561119e-005
 1.768160e+000  4.761619e-004  6.549263e-005
 1.770930e+000  3.867599e-004  6.552864e-005
 1.773710e+000  4.359507e-004  6.584917e-005
 1.776480e+000  4.304702e-004  6.536175e-005
 1.779250e+000  5.261981e-004  6.601246e-005
 1.782020e+000  4.870449e-004  6.535998e-005
 1.784800e+000  3.829539e-004  6.553356e-005
 1.787570e+000  5.041545e-004  6.576744e-005
 1.790340e+000  6.009385e-004  6.534616e-005
 1.793110e+000  4.451778e-004  6.586853e-005
 1.795890e+000  4.013998e-004  6.494016e-005
 1.798660e+000  3.238200e-004  6.546683e-005
 1.801430e+000  4.793909e-004  6.534276e-005
 1.804200e+000  4.242295e-004  6.495254e-005
 1.806980e+000  3.874140e-004  6.520954e-005
 1.809750e+000  4.342046e-004  6.489718e-005
 1.812520e+000  5.674188e-004  6.542274e-005
 1.815290e+000  4.144303e-004  6.473048e-005
 1.818070e+000  4.078089e-004  6.494738e-005
 1.820840e+000  2.957251e-004  6.493244e-005
 1.823610e+000  5.254551e-004  6.479239e-005
 1.826380e+000  5.203782e-004  6.503319e-005
 1.829160e+000  4.169402e-004  6.453801e-005
 1.831930e+000  3.948693e-004  6.476653e-005
 1.834700e+000  3.648430e-004  6.463410e-005
 1.837470e+000  4.121824e-004  6.462155e-005
 1.840250e+000  3.311003e-004  6.445319e-005
 1.843020e+000  3.534586e-004  6.421292e-005
 1.845790e+000  5.549379e-004  6.489708e-005
 1.848560e+000  4.333616e-004  6.433482e-005
 1.851340e+000  2.784108e-004  6.421319e-005
 1.854110e+000  4.098887e-004  6.438212e-005
 1.856880e+000  4.551297e-004  6.418720e-005
 1.859650e+000  3.648385e-004  6.436219e-005
 1.862420e+000  4.482384e-004  6.367561e-005
 1.865200e+000  3.933829e-004  6.429669e-005
 1.867970e+000  3.382291e-004  6.420850e-005
 1.870740e+000  4.789139e-004  6.388885e-005
 1.873510e+000  4.879546e-004  6.417734e-005
 1.876290e+000  3.702421e-004  6.359762e-005
 1.879060e+000  3.976955e-004  6.378028e-005
 1.881830e+000  3.528623e-004  6.386716e-005
 1.884600e+000  4.214799e-004  6.377874e-005
 1.887380e+000  3.767632e-004  6.383790e-005
 1.890150e+000  5.086595e-004  6.351599e-005
 1.892920e+000  4.858651e-004  6.396806e-005
 1.895690e+000  4.503572e-004  6.348426e-005
 1.898470e+000  3.358775e-004  6.342191e-005
 1.901240e+000  3.589783e-004  6.353624e-005
 1.904010e+000  3.880986e-004  6.331113e-005
 1.906780e+000  3.099224e-004  6.359971e-005
 1.909560e+000  4.677815e-004  6.316380e-005
 1.912330e+000  3.841061e-004  6.321564e-005
 1.915100e+000  4.113848e-004  6.348884e-005
 1.917870e+000  5.087982e-004  6.314972e-005
 1.920650e+000  3.636018e-004  6.334278e-005
 1.923420e+000  3.810197e-004  6.307930e-005
 1.926190e+000  4.485575e-004  6.310592e-005
 1.928960e+000  3.213517e-004  6.275376e-005
 1.931740e+000  3.780318e-004  6.301605e-005
 1.934510e+000  4.033576e-004  6.314080e-005
 1.937280e+000  3.105886e-004  6.294944e-005
 1.940050e+000  3.774991e-004  6.341800e-005
 1.942830e+000  3.425523e-004  6.284894e-005
 1.945600e+000  3.946767e-004  6.320997e-005
 1.948370e+000  3.990255e-004  6.314121e-005
 1.951140e+000  3.927533e-004  6.306148e-005
 1.953910e+000  3.090086e-004  6.302452e-005
 1.956690e+000  3.347988e-004  6.268641e-005
 1.959460e+000  2.441724e-004  6.321759e-005
 1.962230e+000  2.790551e-004  6.286360e-005
 1.965000e+000  5.279565e-004  6.310287e-005
 1.967780e+000  3.910991e-004  6.301197e-005
 1.970550e+000  3.201004e-004  6.291885e-005
 1.973320e+000  3.900111e-004  6.342294e-005
 1.976090e+000  4.439625e-004  6.296449e-005
 1.978870e+000  3.369616e-004  6.307428e-005
 1.981640e+000  4.509445e-004  6.303700e-005
 1.984410e+000  3.554233e-004  6.278261e-005
 1.987180e+000  3.591982e-004  6.335185e-005
 1.989960e+000  4.213774e-004  6.280519e-005
 1.992730e+000  4.302382e-004  6.328270e-005
 1.995500e+000  3.415143e-004  6.271794e-005
 1.998270e+000  3.583459e-004  6.306964e-005
 2.001050e+000  3.653202e-004  6.281454e-005
 2.003820e+000  3.000347e-004  6.256213e-005
 2.006590e+000  4.316611e-004  6.298149e-005
 2.009360e+000  2.925464e-004  6.247269e-005
 2.012140e+000  4.070951e-004  6.268352e-005
 2.014910e+000  3.907166e-004  6.260917e-005
 2.017680e+000  2.863985e-004  6.252003e-005
 2.020450e+000  3.988628e-004  6.270029e-005
 2.023230e+000  2.992377e-004  6.222409e-005
 2.026000e+000  3.006338e-004  6.255258e-005
 2.028770e+000  3.209550e-004  6.232485e-005
 2.031540e+000  3.792228e-004  6.200419e-005
 2.034320e+000  3.034798e-004  6.236413e-005
 2.037090e+000  3.030137e-004  6.185176e-005
 2.039860e+000  3.359815e-004  6.245141e-005
 2.042630e+000  3.223876e-004  6.190128e-005
 2.045400e+000  3.468430e-004  6.198577e-005
 2.048180e+000  4.127615e-004  6.193596e-005
 2.050950e+000  3.399768e-004  6.175808e-005
 2.053720e+000  3.135420e-004  6.223311e-005
 2.056490e+000  3.464453e-004  6.173532e-005
 2.059270e+000  2.444390e-004  6.164678e-005
 2.062040e+000  3.549965e-004  6.185512e-005
 2.064810e+000  3.833079e-004  6.145828e-005
 2.067580e+000  3.207496e-004  6.193885e-005
 2.070360e+000  2.830876e-004  6.127768e-005
 2.073130e+000  3.520407e-004  6.166588e-005
 2.075900e+000  2.964662e-004  6.136121e-005
 2.078670e+000  3.293226e-004  6.128523e-005
 2.081450e+000  3.418713e-004  6.158403e-005
 2.084220e+000  2.543581e-004  6.084386e-005
 2.086990e+000  3.803275e-004  6.137397e-005
 2.089760e+000  2.751668e-004  6.103111e-005
 2.092540e+000  3.862170e-004  6.145281e-005
 2.095310e+000  2.676975e-004  6.110413e-005
 2.098080e+000  3.198125e-004  6.072033e-005
 2.100850e+000  2.811000e-004  6.220108e-005
 2.103630e+000  2.391715e-004  6.232262e-005
 2.106400e+000  2.759945e-004  6.309619e-005
 2.109170e+000  3.236950e-004  6.307457e-005
 2.111940e+000  2.813190e-004  6.351616e-005
 2.114720e+000  2.224584e-004  6.360509e-005
 2.117490e+000  3.223998e-004  6.388505e-005
 2.120260e+000  3.830522e-004  6.430759e-005
 2.123030e+000  2.498571e-004  6.407802e-005
 2.125810e+000  4.038812e-004  6.481735e-005
 2.128580e+000  2.569108e-004  6.474374e-005
 2.131350e+000  3.164268e-004  6.449695e-005
 2.134120e+000  3.197761e-004  6.486923e-005
 2.136890e+000  1.985167e-004  6.480303e-005
 2.139670e+000  3.613250e-004  6.549370e-005
 2.142440e+000  2.477097e-004  6.498507e-005
 2.145210e+000  3.075214e-004  6.493791e-005
 2.147980e+000  2.506312e-004  6.543939e-005
 2.150760e+000  3.249459e-004  6.519387e-005
 2.153530e+000  1.458217e-004  6.541570e-005
 2.156300e+000  4.606978e-004  6.577476e-005
 2.159070e+000  3.675936e-004  6.572896e-005
 2.161850e+000  4.496317e-004  6.627849e-005
 2.164620e+000  3.264977e-004  6.595969e-005
 2.167390e+000  4.311174e-004  6.497831e-005
 2.170160e+000  3.901647e-004  6.449739e-005
 2.172940e+000  4.021284e-004  6.441838e-005
 2.175710e+000  3.560484e-004  6.435649e-005
 2.178480e+000  3.057426e-004  6.382534e-005
 2.181250e+000  1.817525e-004  6.400711e-005
 2.184030e+000  2.141639e-004  6.408970e-005
 2.186800e+000  2.170375e-004  6.403622e-005
 2.189570e+000  2.694669e-004  6.423256e-005
 2.192340e+000  2.457758e-004  6.379126e-005
 2.195120e+000  2.912365e-004  6.401320e-005
 2.197890e+000  3.442765e-004  6.396035e-005
 2.200660e+000  1.756993e-004  6.327229e-005
 2.203430e+000  3.307695e-004  6.367423e-005
 2.206210e+000  2.382677e-004  6.342744e-005
 2.208980e+000  3.014869e-004  6.365019e-005
 2.211750e+000  2.822899e-004  6.327728e-005
 2.214520e+000  2.473354e-004  6.295146e-005
 2.217300e+000  3.239169e-004  6.288717e-005
 2.220070e+000  3.111876e-004  6.290131e-005
 2.222840e+000  2.852484e-004  6.254460e-005
 2.225610e+000  3.048392e-004  6.233836e-005
 2.228390e+000  2.330741e-004  6.239229e-005
 2.231160e+000  2.671709e-004  6.221958e-005
 2.233930e+000  3.697057e-004  6.250095e-005
 2.236700e+000  2.427131e-004  6.213666e-005
 2.239470e+000  3.053399e-004  6.240663e-005
 2.242250e+000  3.356332e-004  6.245979e-005
 2.245020e+000  2.707097e-004  6.240517e-005
 2.247790e+000  3.791666e-004  6.243662e-005
 2.250560e+000  3.749508e-004  6.189744e-005
 2.253340e+000  1.735258e-004  6.206487e-005
 2.256110e+000  2.842042e-004  6.175200e-005
 2.258880e+000  3.469867e-004  6.174929e-005
 2.261650e+000  2.815369e-004  6.187236e-005
 2.264430e+000  2.921160e-004  6.114633e-005
 2.267200e+000  2.572572e-004  6.185123e-005
 2.269970e+000  3.724354e-004  6.141536e-005
 2.272740e+000  3.191079e-004  6.131437e-005
 2.275520e+000  2.817995e-004  6.154674e-005
 2.278290e+000  2.091008e-004  6.080539e-005
 2.281060e+000  1.938836e-004  6.134656e-005
 2.283830e+000  3.404859e-004  6.079306e-005
 2.286610e+000  2.353361e-004  6.113412e-005
 2.289380e+000  2.741777e-004  6.103193e-005
 2.292150e+000  3.516176e-004  6.095139e-005
 2.294920e+000  2.352908e-004  6.099054e-005
 2.297700e+000  3.051080e-004  6.062127e-005
 2.300470e+000  3.919579e-004  6.105233e-005
 2.303240e+000  2.279999e-004  6.091889e-005
 2.306010e+000  2.883269e-004  6.035445e-005
 2.308790e+000  2.415211e-004  6.079921e-005
 2.311560e+000  2.149612e-004  6.025632e-005
 2.314330e+000  2.594823e-004  6.077767e-005
 2.317100e+000  2.593498e-004  6.057602e-005
 2.319880e+000  3.245560e-004  6.056596e-005
 2.322650e+000  2.179412e-004  6.057434e-005
 2.325420e+000  2.794247e-004  6.046344e-005
 2.328190e+000  2.439456e-004  6.080967e-005
 2.330960e+000  2.631577e-004  6.004658e-005
 2.333740e+000  3.959348e-004  6.074287e-005
 2.336510e+000  2.475509e-004  6.036360e-005
 2.339280e+000  2.799288e-004  6.012736e-005
 2.342050e+000  1.920631e-004  6.052836e-005
 2.344830e+000  3.651940e-004  5.988420e-005
 2.347600e+000  3.610127e-004  6.044794e-005
 2.350370e+000  3.077499e-004  6.022500e-005
 2.353140e+000  3.101569e-004  6.002019e-005
 2.355920e+000  3.390334e-004  6.018037e-005
 2.358690e+000  1.660763e-004  5.959583e-005
 2.361460e+000  2.420225e-004  6.002514e-005
 2.364230e+000  2.274706e-004  5.954860e-005
 2.367010e+000  3.948697e-004  5.991263e-005
 2.369780e+000  3.732117e-004  5.968881e-005
 2.372550e+000  2.687935e-004  5.943523e-005
 2.375320e+000  2.626854e-004  5.962472e-005
 2.378100e+000  3.951352e-004  5.931058e-005
 2.380870e+000  2.932861e-004  5.959350e-005
 2.383640e+000  2.839364e-004  5.919503e-005
 2.386410e+000  2.353657e-004  5.917491e-005
 2.389190e+000  2.363279e-004  5.923005e-005
 2.391960e+000  2.601376e-004  5.914004e-005
 2.394730e+000  2.430178e-004  5.923951e-005
 2.397500e+000  1.501790e-004  5.888576e-005
 2.400280e+000  1.715096e-004  5.914240e-005
 2.403050e+000  3.298732e-004  5.925799e-005
 2.405820e+000  2.984722e-004  5.900926e-005
 2.408590e+000  1.897657e-004  5.928164e-005
 2.411370e+000  3.038028e-004  5.894229e-005
 2.414140e+000  3.313249e-004  5.934949e-005
 2.416910e+000  3.132497e-004  5.929719e-005
 2.419680e+000  1.701334e-004  5.910557e-005
 2.422450e+000  2.684005e-004  5.918727e-005
 2.425230e+000  2.439244e-004  5.860376e-005
 2.428000e+000  3.135293e-004  5.928635e-005
 2.430770e+000  2.939794e-004  5.899862e-005
 2.433540e+000  2.393281e-004  5.908144e-005
 2.436320e+000  2.553326e-004  5.893093e-005
 2.439090e+000  3.489505e-004  5.867052e-005
 2.441860e+000  2.671054e-004  5.910824e-005
 2.444630e+000  2.223778e-004  5.851685e-005
 2.447410e+000  1.896321e-004  5.872914e-005
 2.450180e+000  2.718260e-004  5.861445e-005
 2.452950e+000  2.205227e-004  5.850179e-005
 2.455720e+000  3.335533e-004  5.877941e-005
 2.458500e+000  2.177647e-004  5.794211e-005
 2.461270e+000  1.968332e-004  5.846896e-005
 2.464040e+000  2.996030e-004  5.844063e-005
 2.466810e+000  1.734537e-004  5.826093e-005
 2.469590e+000  2.330472e-004  5.832072e-005
 2.472360e+000  2.775571e-004  5.788110e-005
 2.475130e+000  2.142225e-004  5.833282e-005
 2.477900e+000  2.354217e-004  5.788568e-005
 2.480680e+000  1.372514e-004  5.806282e-005
 2.483450e+000  2.035485e-004  5.814295e-005
 2.486220e+000  2.033638e-004  5.787913e-005
 2.488990e+000  1.631483e-004  5.813469e-005
 2.491770e+000  1.888976e-004  5.772740e-005
 2.494540e+000  2.840037e-004  5.816664e-005
 2.497310e+000  1.392432e-004  5.814642e-005
 2.500080e+000  2.019541e-004  5.794644e-005
 2.502860e+000  9.766928e-005  5.812652e-005
 2.505630e+000  1.990366e-004  5.773102e-005
 2.508400e+000  2.355854e-004  5.799564e-005
 2.511170e+000  3.073804e-004  5.796716e-005
 2.513940e+000  3.168411e-004  5.814846e-005
 2.516720e+000  3.396298e-004  5.802205e-005
 2.519490e+000  2.979657e-004  5.785420e-005
 2.522260e+000  2.554296e-004  5.826331e-005
 2.525030e+000  2.127636e-004  5.754814e-005
 2.527810e+000  1.808087e-004  5.792821e-005
 2.530580e+000  1.687419e-004  5.778500e-005
 2.533350e+000  2.068846e-004  5.755698e-005
 2.536120e+000  2.518197e-004  5.790215e-005
 2.538900e+000  3.551312e-004  5.764484e-005
 2.541670e+000  2.255128e-004  5.784146e-005
 2.544440e+000  3.402278e-004  5.746944e-005
 2.547210e+000  2.498789e-004  5.772718e-005
 2.549990e+000  1.614969e-004  5.778361e-005
 2.552760e+000  1.820893e-004  5.727799e-005
 2.555530e+000  2.715373e-004  5.780028e-005
 2.558300e+000  1.733333e-004  5.714810e-005
 2.561080e+000  2.472528e-004  5.765629e-005
 2.563850e+000  3.139051e-004  5.748636e-005
 2.566620e+000  1.818119e-004  5.728874e-005
 2.569390e+000  2.641051e-004  5.763679e-005
 2.572170e+000  1.806078e-004  5.693691e-005
 2.574940e+000  2.073386e-004  5.752294e-005
 2.577710e+000  2.960445e-004  5.713432e-005
 2.580480e+000  2.448743e-004  5.716032e-005
 2.583260e+000  1.468897e-004  5.731664e-005
 2.586030e+000  1.040996e-004  5.680342e-005
 2.588800e+000  7.523234e-005  5.712833e-005
 2.591570e+000  2.262956e-004  5.685455e-005
 2.594350e+000  1.815111e-004  5.692749e-005
 2.597120e+000  2.571674e-004  5.738268e-005
 2.599890e+000  1.667860e-004  5.661362e-005
 2.602660e+000  2.481890e-004  5.708771e-005
 2.605430e+000  2.529759e-004  5.673303e-005
 2.608210e+000  4.187154e-004  5.719386e-005
 2.610980e+000  2.302312e-004  5.691504e-005
 2.613750e+000  2.325212e-004  5.658194e-005
 2.616520e+000  1.939722e-004  5.686169e-005
 2.619300e+000  2.710255e-004  5.658348e-005
 2.622070e+000  3.010336e-004  5.684423e-005
 2.624840e+000  1.129328e-004  5.648885e-005
 2.627610e+000  2.634661e-004  5.649415e-005
 2.630390e+000  3.025827e-004  5.676911e-005
 2.633160e+000  1.763957e-004  5.641125e-005
 2.635930e+000  1.746472e-004  5.663571e-005
 2.638700e+000  2.000018e-004  5.624895e-005
 2.641480e+000  1.825213e-004  5.650648e-005
 2.644250e+000  2.990535e-004  5.666036e-005
 2.647020e+000  2.051535e-004  5.602548e-005
 2.649790e+000  1.759791e-004  5.625792e-005
 2.652570e+000  2.381136e-004  5.605890e-005
 2.655340e+000  1.637447e-004  5.628559e-005
 2.658110e+000  2.662725e-004  5.608350e-005
 2.660880e+000  1.215375e-004  5.580122e-005
 2.663660e+000  2.266118e-004  5.605945e-005
 2.666430e+000  1.322513e-004  5.572304e-005
 2.669200e+000  2.128451e-004  5.616480e-005
 2.671970e+000  2.271581e-004  5.553567e-005
 2.674750e+000  2.374032e-004  5.600531e-005
 2.677520e+000  2.347906e-004  5.569361e-005
 2.680290e+000  1.710999e-004  5.575434e-005
 2.683060e+000  2.800217e-004  5.591904e-005
 2.685840e+000  2.475201e-004  5.558274e-005
 2.688610e+000  1.064918e-004  5.670119e-005
 2.691380e+000  2.583304e-004  5.716467e-005
 2.694150e+000  2.229657e-004  5.756153e-005
 2.696930e+000  1.266728e-004  5.777590e-005
 2.699700e+000  2.799425e-004  5.820320e-005
 2.702470e+000  1.969766e-004  5.869184e-005
 2.705240e+000  1.685335e-004  5.833549e-005
 2.708010e+000  2.481668e-004  5.902668e-005
 2.710790e+000  3.259412e-004  5.916236e-005
 2.713560e+000  1.142541e-004  5.933650e-005
 2.716330e+000  2.554361e-004  5.950660e-005
 2.719100e+000  2.138072e-004  5.953113e-005
 2.721880e+000  1.852719e-004  6.005620e-005
 2.724650e+000  2.635433e-004  5.999058e-005
 2.727420e+000  2.089221e-004  6.026360e-005
 2.730190e+000  2.663162e-004  6.047022e-005
 2.732970e+000  2.672421e-004  6.012678e-005
 2.735740e+000  7.537592e-005  6.053316e-005
 2.738510e+000  2.913959e-004  6.072499e-005
 2.741280e+000  1.817100e-004  6.075586e-005
 2.744060e+000  7.457097e-005  6.092125e-005
 2.746830e+000  1.628114e-004  6.067987e-005
 2.749600e+000  2.718080e-004  6.145681e-005
 2.752370e+000  2.586256e-004  6.092572e-005
 2.755150e+000  2.502631e-004  6.008622e-005
 2.757920e+000  2.755023e-004  5.981590e-005
 2.760690e+000  1.226979e-004  5.921279e-005
 2.763460e+000  2.486771e-004  5.921226e-005
 2.766240e+000  1.719608e-004  5.846611e-005
 2.769010e+000  2.218864e-004  5.875335e-005
 2.771780e+000  1.197779e-004  5.838240e-005
 2.774550e+000  2.008050e-004  5.843707e-005
 2.777330e+000  1.748517e-004  5.848255e-005
 2.780100e+000  2.622985e-004  5.781683e-005
 2.782870e+000  2.260850e-004  5.819126e-005
 2.785640e+000  3.305582e-004  5.772666e-005
 2.788420e+000  2.138820e-004  5.789664e-005
 2.791190e+000  2.217478e-004  5.776096e-005
 2.793960e+000  2.008874e-004  5.763797e-005
 2.796730e+000  2.492195e-004  5.785391e-005
 2.799500e+000  2.144481e-004  5.704928e-005
 2.802280e+000  2.103760e-004  5.746209e-005
 2.805050e+000  1.831762e-004  5.742760e-005
 2.807820e+000  2.435136e-004  5.714778e-005
 2.810590e+000  2.390979e-004  5.748333e-005
 2.813370e+000  2.023516e-004  5.674728e-005
 2.816140e+000  2.211868e-004  5.724347e-005
 2.818910e+000  2.411939e-004  5.690975e-005
 2.821680e+000  2.511417e-004  5.708526e-005
 2.824460e+000  3.281876e-004  5.716781e-005
 2.827230e+000  2.419765e-004  5.677604e-005
 2.830000e+000  1.389140e-004  5.697975e-005
 2.832770e+000  2.693477e-004  5.668474e-005
 2.835550e+000  2.995427e-004  5.678897e-005
 2.838320e+000  2.976999e-004  5.685521e-005
 2.841090e+000  1.805090e-004  5.642278e-005
 2.843860e+000  2.816720e-004  5.704273e-005
 2.846640e+000  2.085535e-004  5.606078e-005
 2.849410e+000  2.022770e-004  5.638693e-005
 2.852180e+000  2.173800e-004  5.632990e-005
 2.854950e+000  2.265802e-004  5.628226e-005
 2.857730e+000  2.741040e-004  5.623178e-005
 2.860500e+000  2.153581e-004  5.602935e-005
 2.863270e+000  2.793217e-004  5.624413e-005
 2.866040e+000  2.012278e-004  5.588400e-005
 2.868820e+000  2.993926e-004  5.603549e-005
 2.871590e+000  3.176361e-004  5.608831e-005
 2.874360e+000  2.253178e-004  5.587847e-005
 2.877130e+000  1.431306e-004  5.607712e-005
 2.879910e+000  2.114033e-004  5.582080e-005
 2.882680e+000  3.278325e-004  5.589900e-005
 2.885450e+000  2.170110e-004  5.584861e-005
 2.888220e+000  2.464601e-004  5.567619e-005
 2.890990e+000  2.192541e-004  5.598685e-005
 2.893770e+000  2.662729e-004  5.542223e-005
 2.896540e+000  1.780071e-004  5.583115e-005
 2.899310e+000  1.351011e-004  5.547034e-005
 2.902080e+000  1.821052e-004  5.563545e-005
 2.904860e+000  1.659264e-004  5.565044e-005
 2.907630e+000  1.817819e-004  5.545977e-005
 2.910400e+000  3.431303e-004  5.599336e-005
 2.913170e+000  1.879049e-004  5.531997e-005
 2.915950e+000  2.035761e-004  5.569149e-005
 2.918720e+000  3.087238e-004  5.552129e-005
 2.921490e+000  1.952278e-004  5.544555e-005
 2.924260e+000  2.579071e-004  5.578667e-005
 2.927040e+000  1.480802e-004  5.513038e-005
 2.929810e+000  2.241226e-004  5.547770e-005
 2.932580e+000  1.812358e-004  5.524837e-005
 2.935350e+000  2.557876e-004  5.530410e-005
 2.938130e+000  3.521590e-004  5.545125e-005
 2.940900e+000  2.632460e-004  5.514837e-005
 2.943670e+000  1.796666e-004  5.528256e-005
 2.946440e+000  2.424203e-004  5.509795e-005
 2.949220e+000  3.108045e-004  5.548140e-005
 2.951990e+000  2.418447e-004  5.504142e-005
 2.954760e+000  1.068966e-004  5.491943e-005
 2.957530e+000  1.216392e-004  5.511496e-005
 2.960310e+000  1.630817e-004  5.497282e-005
 2.963080e+000  1.474816e-004  5.510434e-005
 2.965850e+000  2.152755e-004  5.500516e-005
 2.968620e+000  2.431323e-004  5.504806e-005
 2.971400e+000  2.166171e-004  5.506736e-005
 2.974170e+000  2.090661e-004  5.490664e-005
 2.976940e+000  2.222010e-004  5.490390e-005
 2.979710e+000  2.896640e-004  5.484802e-005
 2.982480e+000  2.867004e-004  5.503921e-005
 2.985260e+000  2.654404e-004  5.479593e-005
 2.988030e+000  1.819842e-004  5.464727e-005
 2.990800e+000  2.902778e-004  5.500013e-005
 2.993570e+000  2.540650e-004  5.470463e-005
 2.996350e+000  2.699808e-004  5.494443e-005
 2.999120e+000  1.350824e-004  5.468502e-005
 3.001890e+000  2.118867e-004  5.465044e-005
 3.004660e+000  2.809023e-004  5.476303e-005
 3.007440e+000  3.083526e-004  5.474826e-005
 3.010210e+000  2.514634e-004  5.460528e-005
 3.012980e+000  2.270986e-004  5.458269e-005
 3.015750e+000  2.156393e-004  5.452564e-005
 3.018530e+000  1.227768e-004  5.459430e-005
 3.021300e+000  1.509602e-004  5.436455e-005
 3.024070e+000  1.133675e-004  5.430355e-005
 3.026840e+000  2.991684e-004  5.453504e-005
 3.029620e+000  1.833726e-004  5.423042e-005
 3.032390e+000  1.682937e-004  5.447530e-005
 3.035160e+000  1.875167e-004  5.421312e-005
 3.037930e+000  3.214687e-004  5.442923e-005
 3.040710e+000  2.236858e-004  5.401292e-005
 3.043480e+000  2.077070e-004  5.412300e-005
 3.046250e+000  2.221401e-004  5.416883e-005
 3.049020e+000  2.239613e-004  5.410331e-005
 3.051800e+000  2.399756e-004  5.411809e-005
 3.054570e+000  2.070145e-004  5.400586e-005
 3.057340e+000  2.249784e-004  5.400780e-005
 3.060110e+000  2.845356e-004  5.403212e-005
 3.062890e+000  1.308931e-004  5.397254e-005
 3.065660e+000  2.186158e-004  5.405122e-005
 3.068430e+000  1.368740e-004  5.393294e-005
 3.071200e+000  1.899304e-004  5.403132e-005
 3.073970e+000  2.228987e-004  5.390019e-005
 3.076750e+000  2.853813e-004  5.402571e-005
 3.079520e+000  2.394305e-004  5.410558e-005
 3.082290e+000  1.582716e-004  5.389792e-005
 3.085060e+000  1.554931e-004  5.403203e-005
 3.087840e+000  1.624842e-004  5.376604e-005
 3.090610e+000  2.560772e-004  5.438983e-005
 3.093380e+000  2.178407e-004  5.366822e-005
 3.096150e+000  1.986962e-004  5.395517e-005
 3.098930e+000  1.581716e-004  5.399331e-005
 3.101700e+000  2.036481e-004  5.386305e-005
 3.104470e+000  2.568761e-004  5.408488e-005
 3.107240e+000  2.142215e-004  5.359070e-005
 3.110020e+000  2.052084e-004  5.388428e-005
 3.112790e+000  1.755789e-004  5.396985e-005
 3.115560e+000  2.491836e-004  5.381263e-005
 3.118330e+000  2.735181e-004  5.405394e-005
 3.121110e+000  2.354345e-004  5.348884e-005
 3.123880e+000  2.427338e-004  5.397362e-005
 3.126650e+000  2.073606e-004  5.366034e-005
 3.129420e+000  2.369013e-004  5.361577e-005
 3.132200e+000  2.997129e-004  5.392388e-005
 3.134970e+000  2.119846e-004  5.352709e-005
 3.137740e+000  2.376396e-004  5.386826e-005
 3.140510e+000  1.489787e-004  5.341222e-005
 3.143290e+000  1.976162e-004  5.359877e-005
 3.146060e+000  1.858264e-004  5.363699e-005
 3.148830e+000  2.148826e-004  5.352046e-005
 3.151600e+000  1.934351e-004  5.369568e-005
 3.154380e+000  2.560881e-004  5.350186e-005
 3.157150e+000  1.736835e-004  5.352484e-005
 3.159920e+000  2.426501e-004  5.361607e-005
 3.162690e+000  1.087223e-004  5.325074e-005
 3.165470e+000  1.789893e-004  5.358477e-005
 3.168240e+000  1.903063e-004  5.331277e-005
 3.171010e+000  2.237386e-004  5.365978e-005
 3.173780e+000  1.609255e-004  5.327816e-005
 3.176550e+000  2.690758e-004  5.332317e-005
 3.179330e+000  1.257075e-004  5.336684e-005
 3.182100e+000  2.037516e-004  5.318931e-005
 3.184870e+000  1.931287e-004  5.363697e-005
 3.187640e+000  2.348869e-004  5.323236e-005
 3.190420e+000  3.071277e-004  5.332286e-005
 3.193190e+000  1.910788e-004  5.327183e-005
 3.195960e+000  2.443012e-004  5.332704e-005
 3.198730e+000  1.906284e-004  5.337021e-005
 3.201510e+000  2.171485e-004  5.299324e-005
 3.204280e+000  2.346651e-004  5.337768e-005
 3.207050e+000  2.363397e-004  5.318893e-005
 3.209820e+000  3.055755e-004  5.328293e-005
 3.212600e+000  2.068597e-004  5.307804e-005
 3.215370e+000  2.428578e-004  5.294331e-005
 3.218140e+000  1.150656e-004  5.332657e-005
 3.220910e+000  2.642676e-004  5.311742e-005
 3.223690e+000  2.963379e-004  5.312722e-005
 3.226460e+000  1.427861e-004  5.308795e-005
 3.229230e+000  2.174623e-004  5.278995e-005
 3.232000e+000  2.659861e-004  5.342903e-005
 3.234780e+000  1.313278e-004  5.270935e-005
 3.237550e+000  2.747808e-004  5.326768e-005
 3.240320e+000  1.581753e-004  5.277594e-005
 3.243090e+000  2.564650e-004  5.306296e-005
 3.245870e+000  3.882476e-005  5.284653e-005
 3.248640e+000  2.237381e-004  5.264143e-005
 3.251410e+000  2.363301e-004  5.313196e-005
 3.254180e+000  1.973882e-004  5.283204e-005
 3.256960e+000  2.359139e-004  5.291284e-005
 3.259730e+000  1.388068e-004  5.279597e-005
 3.262500e+000  2.132591e-004  5.272927e-005
 3.265270e+000  9.608956e-005  5.298458e-005
 3.268040e+000  2.187168e-004  5.258605e-005
 3.270820e+000  2.444887e-004  5.284497e-005
 3.273590e+000  2.118789e-004  5.300034e-005
 3.276360e+000  2.396617e-004  5.328085e-005
 3.279130e+000  1.984737e-004  5.416753e-005
 3.281910e+000  2.272259e-004  5.411935e-005
 3.284680e+000  1.323602e-004  5.469877e-005
 3.287450e+000  2.402310e-004  5.497268e-005
 3.290220e+000  2.048622e-004  5.522760e-005
 3.293000e+000  2.286045e-004  5.536213e-005
 3.295770e+000  1.578418e-004  5.497525e-005
 3.298540e+000  2.124531e-004  5.600632e-005
 3.301310e+000  2.212303e-004  5.587699e-005
 3.304090e+000  2.172668e-004  5.607974e-005
 3.306860e+000  2.073552e-004  5.628996e-005
 3.309630e+000  2.276338e-004  5.595959e-005
 3.312400e+000  2.097198e-004  5.682570e-005
 3.315180e+000  7.191291e-005  5.603382e-005
 3.317950e+000  2.457270e-004  5.668763e-005
 3.320720e+000  1.677244e-004  5.681609e-005
 3.323490e+000  2.338736e-004  5.668995e-005
 3.326270e+000  2.363563e-004  5.713133e-005
 3.329040e+000  2.123145e-004  5.660442e-005
 3.331810e+000  1.033482e-004  5.701590e-005
 3.334580e+000  2.146407e-004  5.711479e-005
 3.337360e+000  1.193733e-004  5.731611e-005
 3.340130e+000  7.682036e-005  5.743267e-005
 3.342900e+000  1.978450e-004  5.627494e-005
 3.345670e+000  1.437587e-004  5.619532e-005
 3.348450e+000  1.747090e-004  5.556037e-005
 3.351220e+000  1.745373e-004  5.554301e-005
 3.353990e+000  1.684107e-004  5.543144e-005
 3.356760e+000  2.417617e-004  5.524625e-005
 3.359530e+000  2.991014e-004  5.537251e-005
 3.362310e+000  1.686369e-004  5.468698e-005
 3.365080e+000  1.777834e-004  5.483969e-005
 3.367850e+000  2.024710e-004  5.484572e-005
 3.370620e+000  2.560789e-004  5.485928e-005
 3.373400e+000  2.189613e-004  5.468397e-005
 3.376170e+000  1.755812e-004  5.441530e-005
 3.378940e+000  9.185070e-005  5.421361e-005
 3.381710e+000  2.072828e-004  5.409269e-005
 3.384490e+000  1.992436e-004  5.450941e-005
 3.387260e+000  1.804537e-004  5.402217e-005
 3.390030e+000  1.962267e-004  5.413657e-005
 3.392800e+000  1.849083e-004  5.443678e-005
 3.395580e+000  1.833731e-004  5.385006e-005
 3.398350e+000  1.935421e-004  5.409728e-005
 3.401120e+000  2.077803e-004  5.381885e-005
 3.403890e+000  1.048539e-004  5.393980e-005
 3.406670e+000  9.916773e-005  5.395638e-005
 3.409440e+000  1.201074e-004  5.352781e-005
 3.412210e+000  2.678854e-004  5.397537e-005
 3.414980e+000  2.146639e-004  5.342638e-005
 3.417760e+000  1.656364e-004  5.382460e-005
 3.420530e+000  2.622836e-004  5.376302e-005
 3.423300e+000  1.486308e-004  5.324502e-005
 3.426070e+000  1.774211e-004  5.373414e-005
 3.428850e+000  9.984269e-005  5.311101e-005
 3.431620e+000  2.894604e-004  5.372611e-005
 3.434390e+000  8.865388e-005  5.327271e-005
 3.437160e+000  1.954105e-004  5.302332e-005
 3.439940e+000  2.147394e-004  5.378293e-005
 3.442710e+000  2.508102e-004  5.326522e-005
 3.445480e+000  1.611654e-004  5.343904e-005
 3.448250e+000  1.225056e-004  5.301903e-005
 3.451020e+000  2.168702e-004  5.331993e-005
 3.453800e+000  1.964036e-004  5.332316e-005
 3.456570e+000  2.242748e-004  5.307111e-005
 3.459340e+000  1.542328e-004  5.317009e-005
 3.462110e+000  1.114704e-004  5.282072e-005
 3.464890e+000  1.133644e-004  5.303961e-005
 3.467660e+000  1.971209e-004  5.308095e-005
 3.470430e+000  2.030365e-004  5.262404e-005
 3.473200e+000  1.765527e-004  5.306365e-005
 3.475980e+000  3.024690e-006  5.253017e-005
 3.478750e+000  1.816626e-004  5.297705e-005
 3.481520e+000  1.499992e-004  5.260634e-005
 3.484290e+000  1.446269e-004  5.262081e-005
 3.487070e+000  1.888532e-004  5.280803e-005
 3.489840e+000  1.813768e-004  5.270709e-005
 3.492610e+000  1.517330e-004  5.271425e-005
 3.495380e+000  1.424415e-004  5.242860e-005
 3.498160e+000  2.189871e-004  5.271099e-005
 3.500930e+000  1.846193e-004  5.279040e-005
 3.503700e+000  1.842859e-004  5.246437e-005
 3.506470e+000  2.250405e-004  5.274584e-005
 3.509250e+000  7.971444e-005  5.232088e-005
 3.512020e+000  1.793885e-004  5.287746e-005
 3.514790e+000  2.235488e-004  5.247383e-005
 3.517560e+000  1.423967e-004  5.232221e-005
 3.520340e+000  1.716629e-004  5.261979e-005
 3.523110e+000  2.084856e-004  5.252095e-005
 3.525880e+000  1.518794e-004  5.288285e-005
 3.528650e+000  2.126880e-004  5.241097e-005
 3.531430e+000  1.616158e-004  5.258052e-005
 3.534200e+000  2.204724e-004  5.259754e-005
 3.536970e+000  1.453420e-004  5.241309e-005
 3.539740e+000  1.970502e-004  5.257290e-005
 3.542510e+000  1.216858e-004  5.206862e-005
 3.545290e+000  2.334921e-004  5.258454e-005
 3.548060e+000  2.954265e-004  5.263406e-005
 3.550830e+000  1.717101e-004  5.217925e-005
 3.553600e+000  1.418155e-004  5.237725e-005
 3.556380e+000  1.602648e-004  5.202416e-005
 3.559150e+000  1.006551e-004  5.241539e-005
 3.561920e+000  2.768604e-004  5.221710e-005
 3.564690e+000  1.343004e-004  5.221355e-005
 3.567470e+000  1.908172e-004  5.226961e-005
 3.570240e+000  1.751339e-004  5.191059e-005
 3.573010e+000  1.727084e-004  5.236270e-005
 3.575780e+000  1.241647e-004  5.182643e-005
 3.578560e+000  1.086364e-004  5.212297e-005
 3.581330e+000  1.765634e-004  5.223077e-005
 3.584100e+000  1.638371e-004  5.174717e-005
 3.586870e+000  1.754280e-004  5.221926e-005
 3.589650e+000  1.257141e-004  5.165256e-005
 3.592420e+000  1.386140e-004  5.208417e-005
 3.595190e+000  2.375549e-004  5.210014e-005
 3.597960e+000  1.006065e-004  5.184350e-005
 3.600740e+000  1.221147e-004  5.194492e-005
 3.603510e+000  2.733664e-004  5.178061e-005
 3.606280e+000  2.036535e-004  5.209052e-005
 3.609050e+000  1.591184e-004  5.175174e-005
 3.611830e+000  1.382713e-004  5.176937e-005
 3.614600e+000  7.433281e-005  5.201184e-005
 3.617370e+000  1.945000e-004  5.157077e-005
 3.620140e+000  2.030715e-004  5.215396e-005
 3.622920e+000  2.255773e-004  5.158344e-005
 3.625690e+000  1.941620e-004  5.190183e-005
 3.628460e+000  2.411832e-004  5.191383e-005
 3.631230e+000  1.230632e-004  5.174206e-005
 3.634010e+000  2.192241e-004  5.188294e-005
 3.636780e+000  1.949986e-004  5.152534e-005
 3.639550e+000  1.721266e-004  5.177397e-005
 3.642320e+000  1.452518e-004  5.174472e-005
 3.645090e+000  1.794651e-004  5.184583e-005
 3.647870e+000  2.542383e-004  5.179035e-005
 3.650640e+000  1.980574e-004  5.158057e-005
 3.653410e+000  1.377750e-004  5.185180e-005
 3.656180e+000  1.597247e-004  5.145009e-005
 3.658960e+000  2.763763e-004  5.180790e-005
 3.661730e+000  1.640016e-004  5.169716e-005
 3.664500e+000  2.088687e-004  5.157079e-005
 3.667270e+000  1.399609e-004  5.195416e-005
 3.670050e+000  2.149790e-004  5.146514e-005
 3.672820e+000  2.781752e-004  5.177458e-005
 3.675590e+000  1.714129e-004  5.139318e-005
 3.678360e+000  2.480442e-004  5.179229e-005
 3.681140e+000  1.075023e-004  5.159938e-005
 3.683910e+000  2.479132e-004  5.163141e-005
 3.686680e+000  1.210809e-004  5.148866e-005
 3.689450e+000  2.696367e-004  5.140351e-005
 3.692230e+000  1.935265e-004  5.171648e-005
 3.695000e+000  2.444010e-004  5.171340e-005
 3.697770e+000  1.654855e-004  5.139877e-005
 3.700540e+000  2.520045e-004  5.184284e-005
 3.703320e+000  9.752691e-005  5.110918e-005
 3.706090e+000  1.462603e-004  5.166789e-005
 3.708860e+000  7.996107e-005  5.136880e-005
 3.711630e+000  1.629984e-004  5.131559e-005
 3.714410e+000  2.492770e-004  5.182385e-005
 3.717180e+000  1.473944e-004  5.118680e-005
 3.719950e+000  1.509945e-004  5.168310e-005
 3.722720e+000  1.504028e-004  5.118480e-005
 3.725500e+000  1.276525e-004  5.145716e-005
 3.728270e+000  2.517320e-004  5.169666e-005
 3.731040e+000  1.482154e-004  5.127973e-005
 3.733810e+000  1.489436e-004  5.170701e-005
 3.736580e+000  1.636975e-004  5.122012e-005
 3.739360e+000  2.163136e-004  5.153521e-005
 3.742130e+000  1.936795e-004  5.152175e-005
 3.744900e+000  2.016298e-004  5.144174e-005
 3.747670e+000  1.774463e-004  5.162844e-005
 3.750450e+000  2.254310e-004  5.139186e-005
 3.753220e+000  2.493350e-004  5.160026e-005
 3.755990e+000  2.840687e-004  5.138840e-005
 3.758760e+000  2.244016e-004  5.155632e-005
 3.761540e+000  4.859830e-005  5.159640e-005
 3.764310e+000  2.175234e-004  5.140826e-005
 3.767080e+000  1.350095e-004  5.165946e-005
 3.769850e+000  1.455454e-004  5.131415e-005
 3.772630e+000  1.419566e-004  5.164468e-005
 3.775400e+000  1.897910e-004  5.148878e-005
 3.778170e+000  1.650193e-004  5.152154e-005
 3.780940e+000  2.690465e-004  5.195828e-005
 3.783720e+000  1.335493e-004  5.141648e-005
 3.786490e+000  7.408251e-005  5.172017e-005
 3.789260e+000  1.464530e-004  5.147673e-005
 3.792030e+000  2.411272e-004  5.167579e-005
 3.794810e+000  1.663649e-004  5.178968e-005
 3.797580e+000  2.013805e-004  5.172097e-005
 3.800350e+000  1.037386e-004  5.166155e-005
 3.803120e+000  3.525134e-005  5.147268e-005
 3.805900e+000  1.555839e-004  5.173994e-005
 3.808670e+000  1.053766e-004  5.163677e-005
 3.811440e+000  1.970390e-004  5.157445e-005
 3.814210e+000  2.128945e-004  5.171043e-005
 3.816990e+000  1.317259e-004  5.164507e-005
 3.819760e+000  1.418018e-004  5.171277e-005
 3.822530e+000  1.360683e-004  5.167155e-005
 3.825300e+000  2.075238e-004  5.172078e-005
 3.828070e+000  1.984637e-004  5.186494e-005
 3.830850e+000  1.411684e-004  5.169921e-005
 3.833620e+000  1.128385e-004  5.168268e-005
 3.836390e+000  1.831705e-004  5.195089e-005
 3.839160e+000  1.666441e-004  5.166681e-005
 3.841940e+000  1.814448e-004  5.196690e-005
 3.844710e+000  1.906715e-004  5.167683e-005
 3.847480e+000  9.940355e-005  5.171725e-005
 3.850250e+000  1.526382e-004  5.179274e-005
 3.853030e+000  2.578738e-004  5.182070e-005
 3.855800e+000  1.237980e-004  5.181162e-005
 3.858570e+000  1.794834e-004  5.156057e-005
 3.861340e+000  2.011045e-004  5.186216e-005
 3.864120e+000  1.623155e-004  5.269023e-005
 3.866890e+000  1.285363e-004  5.323521e-005
 3.869660e+000  1.753379e-004  5.362420e-005
 3.872430e+000  2.036557e-004  5.381229e-005
 3.875210e+000  2.267016e-004  5.433238e-005
 3.877980e+000  2.298538e-004  5.457388e-005
 3.880750e+000  2.329164e-004  5.475872e-005
 3.883520e+000  1.191367e-004  5.490809e-005
 3.886300e+000  2.123558e-004  5.523526e-005
 3.889070e+000  2.016583e-004  5.568633e-005
 3.891840e+000  1.730603e-004  5.555818e-005
 3.894610e+000  1.808883e-004  5.589092e-005
 3.897390e+000  1.893605e-004  5.578871e-005
 3.900160e+000  1.597342e-004  5.652851e-005
 3.902930e+000  1.648665e-004  5.630711e-005
 3.905700e+000  1.326868e-004  5.622685e-005
 3.908480e+000  1.833112e-004  5.661936e-005
 3.911250e+000  1.849034e-004  5.663325e-005
 3.914020e+000  3.121140e-004  5.711890e-005
 3.916790e+000  1.164920e-004  5.685823e-005
 3.919560e+000  1.584628e-004  5.720320e-005
 3.922340e+000  2.719714e-004  5.737225e-005
 3.925110e+000  1.022909e-004  5.734227e-005
 3.927880e+000  2.750956e-004  5.782042e-005
 3.930650e+000  1.494696e-004  5.628594e-005
 3.933430e+000  1.447099e-004  5.603237e-005
 3.936200e+000  1.339254e-004  5.590149e-005
 3.938970e+000  1.810132e-004  5.540335e-005
 3.941740e+000  2.320059e-004  5.546433e-005
 3.944520e+000  4.678747e-005  5.469980e-005
 3.947290e+000  1.656529e-004  5.515868e-005
 3.950060e+000  1.048693e-004  5.446918e-005
 3.952830e+000  2.716548e-004  5.478538e-005
 3.955610e+000  1.751322e-004  5.475013e-005
 3.958380e+000  1.541168e-004  5.439238e-005
 3.961150e+000  1.976734e-004  5.464634e-005
 3.963920e+000  1.827275e-004  5.399219e-005
 3.966700e+000  2.710353e-004  5.448276e-005
 3.969470e+000  2.402964e-004  5.469021e-005
 3.972240e+000  1.374311e-004  5.424524e-005
 3.975010e+000  1.150858e-004  5.458355e-005
 3.977790e+000  2.070965e-004  5.388792e-005
 3.980560e+000  1.442512e-004  5.442791e-005
 3.983330e+000  2.946612e-004  5.449181e-005
 3.986100e+000  2.332944e-004  5.424472e-005
 3.988880e+000  1.755980e-004  5.435968e-005
 3.991650e+000  5.825400e-005  5.407530e-005
 3.994420e+000  2.108300e-004  5.450007e-005
 3.997190e+000  1.885440e-004  5.423948e-005
 3.999970e+000  1.612973e-004  5.422359e-005
 4.002740e+000  1.589661e-004  5.429303e-005
 4.005510e+000  1.667618e-004  5.424798e-005
 4.008280e+000  2.063098e-004  5.462840e-005
 4.011050e+000  1.259278e-004  5.393560e-005
 4.013830e+000  1.654296e-004  5.449575e-005
 4.016600e+000  2.007089e-004  5.444095e-005
 4.019370e+000  1.777500e-004  5.429663e-005
 4.022140e+000  1.991544e-004  5.462724e-005
 4.024920e+000  1.085116e-004  5.407181e-005
 4.027690e+000  1.510654e-004  5.451379e-005
 4.030460e+000  1.674364e-004  5.429996e-005
 4.033230e+000  5.646046e-005  5.421384e-005
 4.036010e+000  1.580764e-004  5.438829e-005
 4.038780e+000  9.298148e-005  5.414278e-005
 4.041550e+000  1.255815e-004  5.461536e-005
 4.044320e+000  1.486354e-004  5.410132e-005
 4.047100e+000  1.123307e-004  5.427061e-005
 4.049870e+000  1.638303e-004  5.437072e-005
 4.052640e+000  1.248767e-004  5.414961e-005
 4.055410e+000  1.563486e-004  5.456036e-005
 4.058190e+000  1.448760e-004  5.396505e-005
 4.060960e+000  1.023824e-004  5.426181e-005
 4.063730e+000  1.690759e-004  5.433666e-005
 4.066500e+000  1.587160e-004  5.424900e-005
 4.069280e+000  1.837023e-004  5.434291e-005
 4.072050e+000  2.697573e-004  5.426524e-005
 4.074820e+000  1.873208e-004  5.459244e-005
 4.077590e+000  1.387167e-004  5.415448e-005
 4.080370e+000  1.754332e-004  5.440048e-005
 4.083140e+000  1.725066e-004  5.422166e-005
 4.085910e+000  2.227086e-005  5.402520e-005
 4.088680e+000  1.843669e-004  5.465144e-005
 4.091460e+000  1.251973e-004  5.396075e-005
 4.094230e+000  2.116137e-004  5.435780e-005
 4.097000e+000  2.166881e-004  5.444769e-005
 4.099770e+000  1.589842e-004  5.427097e-005
 4.102550e+000  1.776891e-004  5.448827e-005
 4.105320e+000  1.876121e-004  5.400455e-005
 4.108090e+000  1.058674e-004  5.436987e-005
 4.110860e+000  1.625051e-004  5.407622e-005
 4.113630e+000  1.539003e-004  5.446095e-005
 4.116410e+000  2.126022e-004  5.425997e-005
 4.119180e+000  1.341479e-004  5.389332e-005
 4.121950e+000  1.066515e-004  5.447989e-005
 4.124720e+000  1.462299e-004  5.388138e-005
 4.127500e+000  1.331462e-004  5.424958e-005
 4.130270e+000  2.627974e-004  5.424351e-005
 4.133040e+000  2.030701e-004  5.386499e-005
 4.135810e+000  3.601054e-005  5.429951e-005
 4.138590e+000  1.036602e-004  5.370131e-005
 4.141360e+000  1.671101e-004  5.410520e-005
 4.144130e+000  1.145217e-004  5.414512e-005
 4.146900e+000  1.346438e-004  5.392695e-005
 4.149680e+000  1.432856e-004  5.416534e-005
 4.152450e+000  1.282241e-004  5.375533e-005
 4.155220e+000  1.921976e-004  5.438838e-005
 4.157990e+000  1.950794e-004  5.399988e-005
 4.160770e+000  1.181690e-004  5.421968e-005
 4.163540e+000  3.766452e-005  5.405018e-005
 4.166310e+000  1.502392e-004  5.375041e-005
 4.169080e+000  1.759711e-004  5.440380e-005
 4.171860e+000  1.064341e-004  5.386708e-005
 4.174630e+000  7.265518e-005  5.413657e-005
 4.177400e+000  1.434033e-004  5.404114e-005
 4.180170e+000  1.382955e-004  5.399016e-005
 4.182950e+000  2.409481e-004  5.444860e-005
 4.185720e+000  1.504618e-004  5.386210e-005
 4.188490e+000  2.123076e-004  5.421165e-005
 4.191260e+000  2.799701e-004  5.412747e-005
 4.194040e+000  1.218201e-004  5.429085e-005
 4.196810e+000  1.164589e-004  5.417778e-005
 4.199580e+000  1.829694e-004  5.382707e-005
 4.202350e+000  1.991212e-004  5.449598e-005
 4.205120e+000  1.783933e-004  5.407679e-005
 4.207900e+000  8.884780e-005  5.425282e-005
 4.210670e+000  1.234476e-004  5.412644e-005
 4.213440e+000  2.091392e-004  5.409375e-005
 4.216210e+000  2.008167e-004  5.448689e-005
 4.218990e+000  1.108392e-004  5.393304e-005
 4.221760e+000  1.029297e-004  5.422783e-005
 4.224530e+000  2.696684e-004  5.402749e-005
 4.227300e+000  1.448522e-004  5.442259e-005
 4.230080e+000  1.589566e-004  5.437644e-005
 4.232850e+000  6.891565e-005  5.403421e-005
 4.235620e+000  1.951800e-004  5.424158e-005
 4.238390e+000  9.192218e-005  5.389946e-005
 4.241170e+000  1.140423e-004  5.446038e-005
 4.243940e+000  1.189575e-004  5.417396e-005
 4.246710e+000  8.696098e-005  5.409193e-005
 4.249480e+000  1.147523e-004  5.437797e-005
 4.252260e+000  7.902898e-005  5.382103e-005
 4.255030e+000  2.289217e-004  5.446249e-005
 4.257800e+000  2.104788e-004  5.403908e-005
 4.260570e+000  1.060231e-004  5.421079e-005
 4.263350e+000  1.157664e-004  5.419978e-005
 4.266120e+000  1.960986e-004  5.400334e-005
 4.268890e+000  1.724811e-004  5.417815e-005
 4.271660e+000  1.293388e-004  5.384941e-005
 4.274440e+000  1.456136e-004  5.413252e-005
 4.277210e+000  8.617793e-005  5.430531e-005
 4.279980e+000  1.397103e-004  5.380518e-005
 4.282750e+000  1.318875e-004  5.421228e-005
 4.285530e+000  1.656561e-004  5.375921e-005
 4.288300e+000  1.435675e-004  5.414589e-005
 4.291070e+000  9.104372e-005  5.403520e-005
 4.293840e+000  1.775397e-004  5.381443e-005
 4.296610e+000  1.496170e-004  5.440131e-005
 4.299390e+000  1.162882e-004  5.384279e-005
 4.302160e+000  1.480631e-004  5.415907e-005
 4.304930e+000  1.931478e-004  5.386195e-005
 4.307700e+000  2.150218e-004  5.399846e-005
 4.310480e+000  1.048398e-004  5.426684e-005
 4.313250e+000  9.385671e-005  5.387246e-005
 4.316020e+000  1.864970e-004  5.423779e-005
 4.318790e+000  1.888390e-004  5.379255e-005
 4.321570e+000  2.575158e-004  5.411075e-005
 4.324340e+000  1.527983e-004  5.411656e-005
 4.327110e+000  2.132880e-004  5.383541e-005
 4.329880e+000  1.569319e-004  5.410954e-005
 4.332660e+000  2.570320e-004  5.382091e-005
 4.335430e+000  1.403895e-004  5.417134e-005
 4.338200e+000  1.500159e-004  5.384813e-005
 4.340970e+000  9.498241e-005  5.398495e-005
 4.343750e+000  1.957884e-004  5.408178e-005
 4.346520e+000  2.291903e-004  5.400615e-005
 4.349290e+000  1.464499e-004  5.426321e-005
 4.352060e+000  1.647975e-004  5.374421e-005
 4.354840e+000  1.669395e-004  5.405742e-005
 4.357610e+000  2.109501e-004  5.399481e-005
 4.360380e+000  4.544600e-005  5.384324e-005
 4.363150e+000  2.056697e-004  5.431874e-005
 4.365930e+000  1.781353e-004  5.388408e-005
 4.368700e+000  1.580643e-004  5.421702e-005
 4.371470e+000  1.820810e-004  5.405607e-005
 4.374240e+000  1.481437e-004  5.408404e-005
 4.377020e+000  1.890693e-004  5.423115e-005
 4.379790e+000  1.159512e-004  5.394233e-005
 4.382560e+000  1.589016e-004  5.443048e-005
 4.385330e+000  1.527635e-004  5.410964e-005
 4.388100e+000  2.415157e-004  5.431845e-005
 4.390880e+000  1.567639e-004  5.433484e-005
 4.393650e+000  1.349082e-004  5.410574e-005
 4.396420e+000  4.157388e-005  5.445445e-005
 4.399190e+000  1.228326e-004  5.394935e-005
 4.401970e+000  2.097476e-004  5.458278e-005
 4.404740e+000  1.098749e-004  5.438696e-005
 4.407510e+000  2.417249e-004  5.416674e-005
 4.410280e+000  1.100839e-004  5.443952e-005
 4.413060e+000  1.834515e-004  5.411655e-005
 4.415830e+000  2.432664e-004  5.467775e-005
 4.418600e+000  2.350032e-004  5.429473e-005
 4.421370e+000  1.138346e-004  5.405638e-005
 4.424150e+000  1.226881e-004  5.434294e-005
 4.426920e+000  1.301035e-004  5.411610e-005
 4.429690e+000  1.313487e-004  5.470245e-005
 4.432460e+000  1.863927e-004  5.409349e-005
 4.435240e+000  1.496823e-004  5.426566e-005
 4.438010e+000  2.532602e-004  5.445160e-005
 4.440780e+000  1.048904e-004  5.393697e-005
 4.443550e+000  1.675448e-004  5.434098e-005
 4.446330e+000  1.290056e-004  5.376389e-005
 4.449100e+000  1.140348e-004  5.425982e-005
 4.451870e+000  1.482967e-004  5.513473e-005
 4.454640e+000  1.647471e-004  5.557508e-005
 4.457420e+000  1.533561e-004  5.602611e-005
 4.460190e+000  1.031894e-004  5.619634e-005
 4.462960e+000  1.766761e-004  5.700757e-005
 4.465730e+000  2.497512e-004  5.708158e-005
 4.468510e+000  9.554566e-005  5.727006e-005
 4.471280e+000  2.356599e-004  5.763226e-005
 4.474050e+000  2.301285e-004  5.766416e-005
 4.476820e+000  7.971877e-005  5.850840e-005
 4.479590e+000  1.731139e-004  5.794551e-005
 4.482370e+000  2.131948e-004  5.874337e-005
 4.485140e+000  1.217945e-004  5.884020e-005
 4.487910e+000  2.103818e-004  5.876840e-005
 4.490680e+000  6.175041e-005  5.922982e-005
 4.493460e+000  1.357892e-004  5.878301e-005
 4.496230e+000  2.467638e-004  5.998280e-005
 4.499000e+000  1.465902e-004  5.960269e-005
 4.501770e+000  1.749543e-004  6.030729e-005
 4.504550e+000  1.745904e-004  6.031947e-005
 4.507320e+000  1.038318e-004  6.009575e-005
 4.510090e+000  6.791275e-005  6.093674e-005
 4.512860e+000  1.541787e-004  6.064464e-005
 4.515640e+000  1.273825e-004  6.104172e-005
 4.518410e+000  2.659238e-004  6.015282e-005
 4.521180e+000  1.679222e-004  5.931840e-005
 4.523950e+000  1.277009e-004  5.933692e-005
 4.526730e+000  1.910937e-004  5.809815e-005
 4.529500e+000  1.592536e-004  5.826465e-005
 4.532270e+000  1.121047e-004  5.802506e-005
 4.535040e+000  3.211153e-004  5.808701e-005
 4.537820e+000  1.919439e-004  5.818805e-005
 4.540590e+000  1.989054e-004  5.733508e-005
 4.543360e+000  1.171175e-004  5.787438e-005
 4.546130e+000  1.330658e-004  5.727062e-005
 4.548910e+000  2.481993e-004  5.758212e-005
 4.551680e+000  1.188009e-004  5.753636e-005
 4.554450e+000  1.024485e-004  5.718076e-005
 4.557220e+000  1.732040e-004  5.776076e-005
 4.560000e+000  6.028073e-005  5.685267e-005
 4.562770e+000  1.157203e-004  5.736887e-005
 4.565540e+000  1.793495e-004  5.721474e-005
 4.568310e+000  1.331915e-004  5.715646e-005
 4.571090e+000  1.327557e-004  5.745316e-005
 4.573860e+000  1.822087e-004  5.676305e-005
 4.576630e+000  1.411643e-004  5.705406e-005
 4.579400e+000  3.638859e-005  5.665424e-005
 4.582170e+000  6.765370e-005  5.714686e-005
 4.584950e+000  7.835397e-005  5.703259e-005
 4.587720e+000  1.427112e-004  5.665212e-005
 4.590490e+000  1.216587e-004  5.722052e-005
 4.593260e+000  4.834479e-005  5.662543e-005
 4.596040e+000  1.470055e-004  5.714835e-005
 4.598810e+000  2.616175e-004  5.701667e-005
 4.601580e+000  2.281596e-004  5.690174e-005
 4.604350e+000  1.497407e-004  5.724135e-005
 4.607130e+000  2.291843e-004  5.674836e-005
 4.609900e+000  1.797705e-004  5.694448e-005
 4.612670e+000  1.511319e-004  5.666351e-005
 4.615440e+000  1.564446e-004  5.706267e-005
 4.618220e+000  1.841616e-004  5.683870e-005
 4.620990e+000  1.885863e-004  5.672723e-005
 4.623760e+000  2.355925e-004  5.695465e-005
 4.626530e+000  9.107931e-005  5.662346e-005
 4.629310e+000  2.130160e-004  5.694973e-005
 4.632080e+000  2.112484e-004  5.657587e-005
 4.634850e+000  1.751408e-004  5.679413e-005
 4.637620e+000  1.854197e-004  5.679955e-005
 4.640400e+000  1.749532e-004  5.685136e-005
 4.643170e+000  1.395721e-004  5.665941e-005
 4.645940e+000  2.351671e-004  5.648037e-005
 4.648710e+000  1.684486e-004  5.670743e-005
 4.651490e+000  1.464200e-004  5.667549e-005
 4.654260e+000  2.426191e-004  5.668394e-005
 4.657030e+000  1.638605e-004  5.644559e-005
 4.659800e+000  2.594550e-004  5.642413e-005
 4.662580e+000  9.726874e-005  5.632825e-005
 4.665350e+000  1.320763e-004  5.643328e-005
 4.668120e+000  1.504481e-004  5.616976e-005
 4.670890e+000  2.005381e-004  5.634869e-005
 4.673660e+000  1.767046e-004  5.644861e-005
 4.676440e+000  1.805760e-004  5.619706e-005
 4.679210e+000  6.199115e-005  5.615689e-005
 4.681980e+000  1.500580e-004  5.605580e-005
 4.684750e+000  1.108536e-004  5.629749e-005
 4.687530e+000  1.828376e-004  5.635116e-005
 4.690300e+000  1.897490e-004  5.613677e-005
 4.693070e+000  1.184126e-004  5.590730e-005
 4.695840e+000  2.406532e-004  5.612487e-005
 4.698620e+000  7.631042e-005  5.628895e-005
 4.701390e+000  1.530058e-004  5.606673e-005
 4.704160e+000  2.601941e-004  5.615519e-005
 4.706930e+000  1.401826e-004  5.602375e-005
 4.709710e+000  1.611551e-004  5.616964e-005
 4.712480e+000  1.128168e-004  5.626741e-005
 4.715250e+000  3.177438e-004  5.607295e-005
 4.718020e+000  1.009157e-004  5.597752e-005
 4.720800e+000  2.391934e-004  5.622660e-005
 4.723570e+000  1.521402e-004  5.622667e-005
 4.726340e+000  1.107682e-004  5.593221e-005
 4.729110e+000  2.071140e-004  5.619510e-005
 4.731890e+000  4.113398e-005  5.603271e-005
 4.734660e+000  4.563094e-005  5.611604e-005
 4.737430e+000  2.336268e-004  5.619304e-005
 4.740200e+000  2.221111e-004  5.594156e-005
 4.742980e+000  1.799418e-004  5.629265e-005
 4.745750e+000  8.685152e-005  5.609824e-005
 4.748520e+000  1.601746e-004  5.612012e-005
 4.751290e+000  8.672188e-005  5.611260e-005
 4.754070e+000  9.948357e-005  5.586562e-005
 4.756840e+000  2.263255e-004  5.638739e-005
 4.759610e+000  1.651818e-004  5.593650e-005
 4.762380e+000  1.624265e-004  5.604266e-005
 4.765150e+000  1.662929e-004  5.608882e-005
 4.767930e+000  1.640270e-004  5.604663e-005
 4.770700e+000  1.456792e-004  5.641831e-005
 4.773470e+000  1.708372e-004  5.601191e-005
 4.776240e+000  1.612327e-004  5.608008e-005
 4.779020e+000  1.366010e-004  5.611248e-005
 4.781790e+000  1.636283e-004  5.605637e-005
